4	5	50	1298	1299	1	0	-1	1	-1	-1
4	15	50	1299	1300	2	1	-1	2	-1	0
4	25	50	1300	1301	3	2	-1	3	-1	1
4	35	50	1301	1302	4	3	-1	4	-1	2
4	45	50	1302	1303	5	4	-1	5	-1	3
4	55	50	1303	1304	6	5	-1	6	-1	4
4	65	50	1304	1305	7	6	-1	7	-1	5
4	75	50	1305	1306	8	7	-1	8	-1	6
4	85	50	1306	1307	9	8	-1	9	-1	7
4	95	50	1307	1308	10	9	-1	10	-1	8
4	105	50	1308	1309	11	10	-1	11	-1	9
4	115	50	1309	1310	12	11	-1	12	-1	10
4	125	50	1310	1311	13	12	-1	13	-1	11
4	135	50	1311	1312	14	13	-1	14	-1	12
4	145	50	1312	1313	15	14	-1	15	-1	13
4	155	50	1313	1314	16	15	-1	16	-1	14
4	165	50	1314	1315	17	16	-1	17	-1	15
4	175	50	1315	1316	18	17	-1	18	-1	16
4	185	50	1316	1317	19	18	-1	19	-1	17
4	195	50	1317	1318	20	19	-1	20	-1	18
4	205	50	1318	1319	21	20	-1	21	-1	19
4	215	50	1319	1320	22	21	-1	22	-1	20
4	225	50	1320	1321	23	22	-1	23	-1	21
4	235	50	1321	1322	24	23	-1	24	-1	22
4	245	50	1322	1323	25	24	-1	25	-1	23
4	255	50	1323	1324	26	25	-1	26	-1	24
4	265	50	1324	1325	27	26	-1	27	-1	25
4	275	50	1325	1326	28	27	-1	28	-1	26
4	285	50	1326	1327	29	28	-1	29	-1	27
4	295	50	1327	1328	30	29	-1	30	-1	28
4	305	50	1328	1329	31	30	-1	31	-1	29
4	315	50	1329	1330	32	31	-1	32	-1	30
4	325	50	1330	1331	33	32	-1	33	-1	31
4	335	50	1331	1332	34	33	-1	34	-1	32
4	345	50	1332	1333	35	34	-1	35	-1	33
4	355	50	1333	1334	36	35	-1	36	-1	34
4	365	50	1334	1335	37	36	-1	37	-1	35
4	375	50	1335	1336	38	37	-1	38	-1	36
4	385	50	1336	1337	39	38	-1	39	-1	37
4	395	50	1337	1338	40	39	-1	40	-1	38
4	405	50	1338	1339	41	40	-1	41	-1	39
4	415	50	1339	1340	42	41	-1	42	-1	40
4	425	50	1340	1341	43	42	-1	43	-1	41
4	435	50	1341	1342	44	43	-1	44	-1	42
4	445	50	1342	1343	45	44	-1	45	-1	43
4	455	50	1343	1344	46	45	-1	46	-1	44
4	465	50	1344	1345	47	46	-1	47	-1	45
4	475	50	1345	1346	48	47	-1	48	-1	46
4	485	50	1346	1347	49	48	-1	49	-1	47
4	495	50	1347	1348	50	49	-1	50	-1	48
4	505	50	1348	1349	51	50	-1	51	-1	49
4	515	50	1349	1350	52	51	-1	52	-1	50
4	525	50	1350	1351	53	52	-1	53	-1	51
4	535	50	1351	1352	54	53	-1	54	-1	52
4	545	50	1352	1353	55	54	-1	55	-1	53
4	555	50	1353	1354	56	55	-1	56	-1	54
4	565	50	1354	1355	57	56	-1	57	-1	55
4	575	50	1355	1356	58	57	-1	58	-1	56
4	585	50	1356	1357	59	58	-1	59	-1	57
4	595	50	1357	1358	60	59	-1	60	-1	58
4	605	50	1358	1359	61	60	-1	61	-1	59
4	615	50	1359	1360	62	61	-1	62	-1	60
4	625	50	1360	1361	63	62	-1	63	-1	61
4	635	50	1361	1362	64	63	-1	64	-1	62
4	645	50	1362	1363	65	64	-1	65	-1	63
4	655	50	1363	1364	66	65	-1	66	-1	64
4	665	50	1364	1365	67	66	-1	67	-1	65
4	675	50	1365	1366	68	67	-1	68	-1	66
4	685	50	1366	1367	69	68	-1	69	-1	67
4	695	50	1367	1368	70	69	-1	70	-1	68
4	705	50	1368	1369	71	70	-1	71	-1	69
4	715	50	1369	1370	72	71	-1	72	-1	70
4	725	50	1370	1371	73	72	-1	73	-1	71
4	735	50	1371	1372	74	73	-1	74	-1	72
4	745	50	1372	1373	75	74	-1	75	-1	73
4	755	50	1373	1374	76	75	-1	76	-1	74
4	765	50	1374	1375	77	76	-1	77	-1	75
4	775	50	1375	1376	78	77	-1	78	-1	76
4	785	50	1376	1377	79	78	-1	79	-1	77
4	795	50	1377	1378	80	79	-1	80	-1	78
4	805	50	1378	1379	81	80	-1	81	-1	79
4	815	50	1379	1380	82	81	-1	82	-1	80
4	825	50	1380	1381	83	82	-1	83	-1	81
4	835	50	1381	1382	84	83	-1	84	-1	82
4	845	50	1382	1383	85	84	-1	85	-1	83
4	855	50	1383	1384	86	85	-1	86	-1	84
4	865	50	1384	1385	87	86	-1	87	-1	85
4	875	50	1385	1386	88	87	-1	88	-1	86
4	885	50	1386	1387	89	88	-1	89	-1	87
4	895	50	1387	1388	90	89	-1	90	-1	88
4	905	50	1388	1389	91	90	-1	91	-1	89
4	915	50	1389	1390	92	91	-1	92	-1	90
4	925	50	1390	1391	93	92	-1	93	-1	91
4	935	50	1391	1392	94	93	-1	94	-1	92
4	945	50	1392	1393	95	94	-1	95	-1	93
4	955	50	1393	1394	96	95	-1	96	-1	94
4	965	50	1394	1395	97	96	-1	97	-1	95
4	975	50	1395	1396	98	97	-1	98	-1	96
4	985	50	1396	1397	99	98	-1	99	-1	97
4	995	50	1397	1398	100	99	-1	100	-1	98
4	1005	50	1398	1399	101	100	-1	101	-1	99
4	1015	50	1399	1400	102	101	-1	102	-1	100
4	1025	50	1400	1401	103	102	-1	103	-1	101
4	1035	50	1401	1402	104	103	-1	104	-1	102
4	1045	50	1402	1403	105	104	-1	105	-1	103
4	1055	50	1403	1404	106	105	-1	106	-1	104
4	1065	50	1404	1405	107	106	-1	107	-1	105
4	1075	50	1405	1406	108	107	-1	108	-1	106
4	1085	50	1406	1407	109	108	-1	109	-1	107
4	1095	50	1407	1408	110	109	-1	110	-1	108
4	1105	50	1408	1409	111	110	-1	111	-1	109
4	1115	50	1409	1410	112	111	-1	112	-1	110
4	1125	50	1410	1411	113	112	-1	113	-1	111
4	1135	50	1411	1412	114	113	-1	114	-1	112
4	1145	50	1412	1413	115	114	-1	115	-1	113
4	1155	50	1413	1414	116	115	-1	116	-1	114
4	1165	50	1414	1415	117	116	-1	117	-1	115
4	1175	50	1415	1416	118	117	-1	118	-1	116
4	1185	50	1416	1417	119	118	-1	119	-1	117
4	1195	50	1417	1418	120	119	-1	120	-1	118
4	1205	50	1418	1419	121	120	-1	121	-1	119
4	1215	50	1419	1420	122	121	-1	122	-1	120
4	1225	50	1420	1421	123	122	-1	123	-1	121
4	1235	50	1421	1422	124	123	-1	124	-1	122
4	1245	50	1422	1423	125	124	-1	125	-1	123
4	1255	50	1423	1424	126	125	-1	126	-1	124
4	1265	50	1424	1425	127	126	-1	127	-1	125
4	1275	50	1425	1426	128	127	-1	128	-1	126
4	1285	50	1426	1427	129	128	-1	129	-1	127
4	1295	50	1427	1428	130	129	-1	130	-1	128
4	1305	50	1428	1429	131	130	-1	131	-1	129
4	1315	50	1429	1430	132	131	-1	132	-1	130
4	1325	50	1430	1431	133	132	-1	133	-1	131
4	1335	50	1431	1432	134	133	-1	134	-1	132
4	1345	50	1432	1433	135	134	-1	135	-1	133
4	1355	50	1433	1434	136	135	-1	136	-1	134
4	1365	50	1434	1435	137	136	-1	137	-1	135
4	1375	50	1435	1436	138	137	-1	138	-1	136
4	1385	50	1436	1437	139	138	-1	139	-1	137
4	1395	50	1437	1438	140	139	-1	140	-1	138
4	1405	50	1438	1439	141	140	-1	141	-1	139
4	1415	50	1439	1440	142	141	-1	142	-1	140
4	1425	50	1440	1441	143	142	-1	143	-1	141
4	1435	50	1441	1442	144	143	-1	144	-1	142
4	1445	50	1442	1443	145	144	-1	145	-1	143
4	1455	50	1443	1444	146	145	-1	146	-1	144
4	1465	50	1444	1445	147	146	-1	147	-1	145
4	1475	50	1445	1446	148	147	-1	148	-1	146
4	1485	50	1446	1447	149	148	-1	149	-1	147
4	1495	50	1447	1448	150	149	-1	150	-1	148
4	1505	50	1448	1449	151	150	-1	151	-1	149
4	1515	50	1449	1450	152	151	-1	152	-1	150
4	1525	50	1450	1451	153	152	-1	153	-1	151
4	1535	50	1451	1452	154	153	-1	154	-1	152
4	1545	50	1452	1453	155	154	-1	155	-1	153
4	1555	50	1453	1454	156	155	-1	156	-1	154
4	1565	50	1454	1455	157	156	-1	157	-1	155
4	1575	50	1455	1456	158	157	-1	158	-1	156
4	1585	50	1456	1457	159	158	-1	159	-1	157
4	1595	50	1457	1458	160	159	-1	160	-1	158
4	1605	50	1458	1459	161	160	-1	161	-1	159
4	1615	50	1459	1460	162	161	-1	162	-1	160
4	1625	50	1460	1461	163	162	-1	163	-1	161
4	1635	50	1461	1462	164	163	-1	164	-1	162
4	1645	50	1462	1463	165	164	-1	165	-1	163
4	1655	50	1463	1464	166	165	-1	166	-1	164
4	1665	50	1464	1465	167	166	-1	167	-1	165
4	1675	50	1465	1466	168	167	-1	168	-1	166
4	1685	50	1466	1467	169	168	-1	169	-1	167
4	1695	50	1467	1468	170	169	-1	170	-1	168
4	1705	50	1468	1469	171	170	-1	171	-1	169
4	1715	50	1469	1470	172	171	-1	172	-1	170
4	1725	50	1470	1471	173	172	-1	173	-1	171
4	1735	50	1471	1472	174	173	-1	174	-1	172
4	1745	50	1472	1473	175	174	-1	175	-1	173
4	1755	50	1473	1474	176	175	-1	176	-1	174
4	1765	50	1474	1475	177	176	-1	177	-1	175
4	1775	50	1475	1476	178	177	-1	178	-1	176
4	1785	50	1476	1477	179	178	-1	179	-1	177
4	1795	50	1477	1478	180	179	-1	180	-1	178
4	1805	50	1478	1479	181	180	-1	181	-1	179
4	1815	50	1479	1480	182	181	-1	182	-1	180
4	1825	50	1480	1481	183	182	-1	183	-1	181
4	1835	50	1481	1482	184	183	-1	184	-1	182
4	1845	50	1482	1483	185	184	-1	185	-1	183
4	1855	50	1483	1484	186	185	-1	186	-1	184
4	1865	50	1484	1485	187	186	-1	187	-1	185
4	1875	50	1485	1486	188	187	-1	188	-1	186
4	1885	50	1486	1487	189	188	-1	189	-1	187
4	1895	50	1487	1488	190	189	-1	190	-1	188
4	1905	50	1488	1489	191	190	-1	191	-1	189
4	1915	50	1489	1490	192	191	-1	192	-1	190
4	1925	50	1490	1491	193	192	-1	193	-1	191
4	1935	50	1491	1492	194	193	-1	194	-1	192
4	1945	50	1492	1493	195	194	-1	195	-1	193
4	1955	50	1493	1494	196	195	-1	196	-1	194
4	1965	50	1494	1495	197	196	-1	197	-1	195
4	1975	50	1495	1496	198	197	-1	198	-1	196
4	1985	50	1496	1497	199	198	-1	199	-1	197
4	1995	50	1497	1498	200	199	-1	200	-1	198
4	2005	50	1498	1499	201	200	-1	201	-1	199
4	2015	50	1499	1500	202	201	-1	202	-1	200
4	2025	50	1500	1501	203	202	-1	203	-1	201
4	2035	50	1501	1502	204	203	-1	204	-1	202
4	2045	50	1502	1503	205	204	-1	205	-1	203
4	2055	50	1503	1504	206	205	-1	206	-1	204
4	2065	50	1504	1505	207	206	-1	207	-1	205
4	2075	50	1505	1506	208	207	-1	208	-1	206
4	2085	50	1506	1507	209	208	-1	209	-1	207
4	2095	50	1507	1508	210	209	-1	210	-1	208
4	2105	50	1508	1509	211	210	-1	211	-1	209
4	2115	50	1509	1510	212	211	-1	212	-1	210
4	2125	50	1510	1511	213	212	-1	213	-1	211
4	2135	50	1511	1512	214	213	-1	214	-1	212
4	2145	50	1512	1513	215	214	-1	215	-1	213
4	2155	50	1513	1514	216	215	-1	216	-1	214
4	2165	50	1514	1515	217	216	-1	217	-1	215
4	2175	50	1515	1516	218	217	-1	218	-1	216
4	2185	50	1516	1517	219	218	-1	219	-1	217
4	2195	50	1517	1518	220	219	-1	220	-1	218
4	2205	50	1518	1519	221	220	-1	221	-1	219
4	2215	50	1519	1520	222	221	-1	222	-1	220
4	2225	50	1520	1521	223	222	-1	223	-1	221
4	2235	50	1521	1522	224	223	-1	224	-1	222
4	2245	50	1522	1523	225	224	-1	225	-1	223
4	2255	50	1523	1524	226	225	-1	226	-1	224
4	2265	50	1524	1525	227	226	-1	227	-1	225
4	2275	50	1525	1526	228	227	-1	228	-1	226
4	2285	50	1526	1527	229	228	-1	229	-1	227
4	2295	50	1527	1528	230	229	-1	230	-1	228
4	2305	50	1528	1529	231	230	-1	231	-1	229
4	2315	50	1529	1530	232	231	-1	232	-1	230
4	2325	50	1530	1531	233	232	-1	233	-1	231
4	2335	50	1531	1532	234	233	-1	234	-1	232
4	2345	50	1532	1533	235	234	-1	235	-1	233
4	2355	50	1533	1534	236	235	-1	236	-1	234
4	2365	50	1534	1535	237	236	-1	237	-1	235
4	2375	50	1535	1536	238	237	-1	238	-1	236
4	2385	50	1536	1537	239	238	-1	239	-1	237
4	2395	50	1537	1538	240	239	-1	240	-1	238
4	2405	50	1538	1539	241	240	-1	241	-1	239
4	2415	50	1539	1540	242	241	-1	242	-1	240
4	2425	50	1540	1541	243	242	-1	243	-1	241
4	2435	50	1541	1542	244	243	-1	244	-1	242
4	2445	50	1542	1543	245	244	-1	245	-1	243
4	2455	50	1543	1544	246	245	-1	246	-1	244
4	2465	50	1544	1545	247	246	-1	247	-1	245
4	2475	50	1545	1546	248	247	-1	248	-1	246
4	2485	50	1546	1547	249	248	-1	249	-1	247
4	2495	50	1547	1548	250	249	-1	250	-1	248
4	2505	50	1548	1549	251	250	-1	251	-1	249
4	2515	50	1549	1550	252	251	-1	252	-1	250
4	2525	50	1550	1551	253	252	-1	253	-1	251
4	2535	50	1551	1552	254	253	-1	254	-1	252
4	2545	50	1552	1553	255	254	-1	255	-1	253
4	2555	50	1553	1554	256	255	-1	256	-1	254
4	2565	50	1554	1555	257	256	-1	257	-1	255
4	2575	50	1555	1556	258	257	-1	258	-1	256
4	2585	50	1556	1557	259	258	-1	259	-1	257
4	2595	50	1557	1558	260	259	-1	260	-1	258
4	2605	50	1558	1559	261	260	-1	261	-1	259
4	2615	50	1559	1560	262	261	-1	262	-1	260
4	2625	50	1560	1561	263	262	-1	263	-1	261
4	2635	50	1561	1562	264	263	-1	264	-1	262
4	2645	50	1562	1563	265	264	-1	265	-1	263
4	2655	50	1563	1564	266	265	-1	266	-1	264
4	2665	50	1564	1565	267	266	-1	267	-1	265
4	2675	50	1565	1566	268	267	-1	268	-1	266
4	2685	50	1566	1567	269	268	-1	269	-1	267
4	2695	50	1567	1568	270	269	-1	270	-1	268
4	2705	50	1568	1569	271	270	-1	271	-1	269
4	2715	50	1569	1570	272	271	-1	272	-1	270
4	2725	50	1570	1571	273	272	-1	273	-1	271
4	2735	50	1571	1572	274	273	-1	274	-1	272
4	2745	50	1572	1573	275	274	-1	275	-1	273
4	2755	50	1573	1574	276	275	-1	276	-1	274
4	2765	50	1574	1575	277	276	-1	277	-1	275
4	2775	50	1575	1576	278	277	-1	278	-1	276
4	2785	50	1576	1577	279	278	-1	279	-1	277
4	2795	50	1577	1578	280	279	-1	280	-1	278
4	2805	50	1578	1579	281	280	-1	281	-1	279
4	2815	50	1579	1580	282	281	-1	282	-1	280
4	2825	50	1580	1581	283	282	-1	283	-1	281
4	2835	50	1581	1582	284	283	-1	284	-1	282
4	2845	50	1582	1583	285	284	-1	285	-1	283
4	2855	50	1583	1584	286	285	-1	286	-1	284
4	2865	50	1584	1585	287	286	-1	287	-1	285
4	2875	50	1585	1586	288	287	-1	288	-1	286
4	2885	50	1586	1587	289	288	-1	289	-1	287
4	2895	50	1587	1588	290	289	-1	290	-1	288
4	2905	50	1588	1589	291	290	-1	291	-1	289
4	2915	50	1589	1590	292	291	-1	292	-1	290
4	2925	50	1590	1591	293	292	-1	293	-1	291
4	2935	50	1591	1592	294	293	-1	294	-1	292
4	2945	50	1592	1593	295	294	-1	295	-1	293
4	2955	50	1593	1594	296	295	-1	296	-1	294
4	2965	50	1594	1595	297	296	-1	297	-1	295
4	2975	50	1595	1596	298	297	-1	298	-1	296
4	2985	50	1596	1597	299	298	-1	299	-1	297
4	2995	50	1597	1598	300	299	-1	300	-1	298
4	3005	50	1598	1599	301	300	-1	301	-1	299
4	3015	50	1599	1600	302	301	-1	302	-1	300
4	3025	50	1600	1601	303	302	-1	303	-1	301
4	3035	50	1601	1602	304	303	-1	304	-1	302
4	3045	50	1602	1603	305	304	-1	305	-1	303
4	3055	50	1603	1604	306	305	-1	306	-1	304
4	3065	50	1604	1605	307	306	-1	307	-1	305
4	3075	50	1605	1606	308	307	-1	308	-1	306
4	3085	50	1606	1607	309	308	-1	309	-1	307
4	3095	50	1607	1608	310	309	-1	310	-1	308
4	3105	50	1608	1609	311	310	-1	311	-1	309
4	3115	50	1609	1610	312	311	-1	312	-1	310
4	3125	50	1610	1611	313	312	-1	313	-1	311
4	3135	50	1611	1612	314	313	-1	314	-1	312
4	3145	50	1612	1613	315	314	-1	315	-1	313
4	3155	50	1613	1614	316	315	-1	316	-1	314
4	3165	50	1614	1615	317	316	-1	317	-1	315
4	3175	50	1615	1616	318	317	-1	318	-1	316
4	3185	50	1616	1617	319	318	-1	319	-1	317
4	3195	50	1617	1618	320	319	-1	320	-1	318
4	3205	50	1618	1619	321	320	-1	321	-1	319
4	3215	50	1619	1620	322	321	-1	322	-1	320
4	3225	50	1620	1621	323	322	-1	323	-1	321
4	3235	50	1621	1622	324	323	-1	324	-1	322
4	3245	50	1622	1623	325	324	-1	325	-1	323
4	3255	50	1623	1624	326	325	-1	326	-1	324
4	3265	50	1624	1625	327	326	-1	327	-1	325
4	3275	50	1625	1626	328	327	-1	328	-1	326
4	3285	50	1626	1627	329	328	-1	329	-1	327
4	3295	50	1627	1628	330	329	-1	330	-1	328
4	3305	50	1628	1629	331	330	-1	331	-1	329
4	3315	50	1629	1630	332	331	-1	332	-1	330
4	3325	50	1630	1631	333	332	-1	333	-1	331
4	3335	50	1631	1632	334	333	-1	334	-1	332
4	3345	50	1632	1633	335	334	-1	335	-1	333
4	3355	50	1633	1634	336	335	-1	336	-1	334
4	3365	50	1634	1635	337	336	-1	337	-1	335
4	3375	50	1635	1636	338	337	-1	338	-1	336
4	3385	50	1636	1637	339	338	-1	339	-1	337
4	3395	50	1637	1638	340	339	-1	340	-1	338
4	3405	50	1638	1639	341	340	-1	341	-1	339
4	3415	50	1639	1640	342	341	-1	342	-1	340
4	3425	50	1640	1641	343	342	-1	343	-1	341
4	3435	50	1641	1642	344	343	-1	344	-1	342
4	3445	50	1642	1643	345	344	-1	345	-1	343
4	3455	50	1643	1644	346	345	-1	346	-1	344
4	3465	50	1644	1645	347	346	-1	347	-1	345
4	3475	50	1645	1646	348	347	-1	348	-1	346
4	3485	50	1646	1647	349	348	-1	349	-1	347
4	3495	50	1647	1648	350	349	-1	350	-1	348
4	3505	50	1648	1649	351	350	-1	351	-1	349
4	3515	50	1649	1650	352	351	-1	352	-1	350
4	3525	50	1650	1651	353	352	-1	353	-1	351
4	3535	50	1651	1652	354	353	-1	354	-1	352
4	3545	50	1652	1653	355	354	-1	355	-1	353
4	3555	50	1653	1654	356	355	-1	356	-1	354
4	3565	50	1654	1655	357	356	-1	357	-1	355
4	3575	50	1655	1656	358	357	-1	358	-1	356
4	3585	50	1656	1657	359	358	-1	359	-1	357
4	3595	50	1657	1658	360	359	-1	360	-1	358
4	3605	50	1658	1659	361	360	-1	361	-1	359
4	3615	50	1659	1660	362	361	-1	362	-1	360
4	3625	50	1660	1661	363	362	-1	363	-1	361
4	3635	50	1661	1662	364	363	-1	364	-1	362
4	3645	50	1662	1663	365	364	-1	365	-1	363
4	3655	50	1663	1664	366	365	-1	366	-1	364
4	3665	50	1664	1665	367	366	-1	367	-1	365
4	3675	50	1665	1666	368	367	-1	368	-1	366
4	3685	50	1666	1667	369	368	-1	369	-1	367
4	3695	50	1667	1668	370	369	-1	370	-1	368
4	3705	50	1668	1669	371	370	-1	371	-1	369
4	3715	50	1669	1670	372	371	-1	372	-1	370
4	3725	50	1670	1671	373	372	-1	373	-1	371
4	3735	50	1671	1672	374	373	-1	374	-1	372
4	3745	50	1672	1673	375	374	-1	375	-1	373
4	3755	50	1673	1674	376	375	-1	376	-1	374
4	3765	50	1674	1675	377	376	-1	377	-1	375
4	3775	50	1675	1676	378	377	-1	378	-1	376
4	3785	50	1676	1677	379	378	-1	379	-1	377
4	3795	50	1677	1678	380	379	-1	380	-1	378
4	3805	50	1678	1679	381	380	-1	381	-1	379
4	3815	50	1679	1680	382	381	-1	382	-1	380
4	3825	50	1680	1681	383	382	-1	383	-1	381
4	3835	50	1681	1682	384	383	-1	384	-1	382
4	3845	50	1682	1683	385	384	-1	385	-1	383
4	3855	50	1683	1684	386	385	-1	386	-1	384
4	3865	50	1684	1685	387	386	-1	387	-1	385
4	3875	50	1685	1686	388	387	-1	388	-1	386
4	3885	50	1686	1687	389	388	-1	389	-1	387
4	3895	50	1687	1688	390	389	-1	390	-1	388
4	3905	50	1688	1689	391	390	-1	391	-1	389
4	3915	50	1689	1690	392	391	-1	392	-1	390
4	3925	50	1690	1691	393	392	-1	393	-1	391
4	3935	50	1691	1692	394	393	-1	394	-1	392
4	3945	50	1692	1693	395	394	-1	395	-1	393
4	3955	50	1693	1694	396	395	-1	396	-1	394
4	3965	50	1694	1695	397	396	-1	397	-1	395
4	3975	50	1695	1696	398	397	-1	398	-1	396
4	3985	50	1696	1697	399	398	-1	399	-1	397
4	3995	50	1697	1698	400	399	-1	400	-1	398
4	4005	50	1698	1699	401	400	-1	401	-1	399
4	4015	50	1699	1700	402	401	-1	402	-1	400
4	4025	50	1700	1701	403	402	-1	403	-1	401
4	4035	50	1701	1702	404	403	-1	404	-1	402
4	4045	50	1702	1703	405	404	-1	405	-1	403
4	4055	50	1703	1704	406	405	-1	406	-1	404
4	4065	50	1704	1705	407	406	-1	407	-1	405
4	4075	50	1705	1706	408	407	-1	408	-1	406
4	4085	50	1706	1707	409	408	-1	409	-1	407
4	4095	50	1707	1708	410	409	-1	410	-1	408
4	4105	50	1708	1709	411	410	-1	411	-1	409
4	4115	50	1709	1710	412	411	-1	412	-1	410
4	4125	50	1710	1711	413	412	-1	413	-1	411
4	4135	50	1711	1712	414	413	-1	414	-1	412
4	4145	50	1712	1713	415	414	-1	415	-1	413
4	4155	50	1713	1714	416	415	-1	416	-1	414
4	4165	50	1714	1715	417	416	-1	417	-1	415
4	4175	50	1715	1716	418	417	-1	418	-1	416
4	4185	50	1716	1717	419	418	-1	419	-1	417
4	4195	50	1717	1718	420	419	-1	420	-1	418
4	4205	50	1718	1719	421	420	-1	421	-1	419
4	4215	50	1719	1720	422	421	-1	422	-1	420
4	4225	50	1720	1721	423	422	-1	423	-1	421
4	4235	50	1721	1722	424	423	-1	424	-1	422
4	4245	50	1722	1723	425	424	-1	425	-1	423
4	4255	50	1723	1724	426	425	-1	426	-1	424
4	4265	50	1724	1725	427	426	-1	427	-1	425
4	4275	50	1725	1726	428	427	-1	428	-1	426
4	4285	50	1726	1727	429	428	-1	429	-1	427
4	4295	50	1727	1728	430	429	-1	430	-1	428
4	4305	50	1728	1729	431	430	-1	431	-1	429
4	4315	50	1729	1730	432	431	-1	432	-1	430
4	4325	50	1730	1731	433	432	-1	433	-1	431
4	4335	50	1731	1732	434	433	-1	434	-1	432
4	4345	50	1732	1733	435	434	-1	435	-1	433
4	4355	50	1733	1734	436	435	-1	436	-1	434
4	4365	50	1734	1735	437	436	-1	437	-1	435
4	4375	50	1735	1736	438	437	-1	438	-1	436
4	4385	50	1736	1737	439	438	-1	439	-1	437
4	4395	50	1737	1738	440	439	-1	440	-1	438
4	4405	50	1738	1739	441	440	-1	441	-1	439
4	4415	50	1739	1740	442	441	-1	442	-1	440
4	4425	50	1740	1741	443	442	-1	443	-1	441
4	4435	50	1741	1742	444	443	-1	444	-1	442
4	4445	50	1742	1743	445	444	-1	445	-1	443
4	4455	50	1743	1744	446	445	-1	446	-1	444
4	4465	50	1744	1745	447	446	-1	447	-1	445
4	4475	50	1745	1746	448	447	-1	448	-1	446
4	4485	50	1746	1747	449	448	-1	449	-1	447
4	4495	50	1747	1748	450	449	-1	450	-1	448
4	4505	50	1748	1749	451	450	-1	451	-1	449
4	4515	50	1749	1750	452	451	-1	452	-1	450
4	4525	50	1750	1751	453	452	-1	453	-1	451
4	4535	50	1751	1752	454	453	-1	454	-1	452
4	4545	50	1752	1753	455	454	-1	455	-1	453
4	4555	50	1753	1754	456	455	-1	456	-1	454
4	4565	50	1754	1755	457	456	-1	457	-1	455
4	4575	50	1755	1756	458	457	-1	458	-1	456
4	4585	50	1756	1757	459	458	-1	459	-1	457
4	4595	50	1757	1758	460	459	-1	460	-1	458
4	4605	50	1758	1759	461	460	-1	461	-1	459
4	4615	50	1759	1760	462	461	-1	462	-1	460
4	4625	50	1760	1761	463	462	-1	463	-1	461
4	4635	50	1761	1762	464	463	-1	464	-1	462
4	4645	50	1762	1763	465	464	-1	465	-1	463
4	4655	50	1763	1764	466	465	-1	466	-1	464
4	4665	50	1764	1765	467	466	-1	467	-1	465
4	4675	50	1765	1766	468	467	-1	468	-1	466
4	4685	50	1766	1767	469	468	-1	469	-1	467
4	4695	50	1767	1768	470	469	-1	470	-1	468
4	4705	50	1768	1769	471	470	-1	471	-1	469
4	4715	50	1769	1770	472	471	-1	472	-1	470
4	4725	50	1770	1771	473	472	-1	473	-1	471
4	4735	50	1771	1772	474	473	-1	474	-1	472
4	4745	50	1772	1773	475	474	-1	475	-1	473
4	4755	50	1773	1774	476	475	-1	476	-1	474
4	4765	50	1774	1775	477	476	-1	477	-1	475
4	4775	50	1775	1776	478	477	-1	478	-1	476
4	4785	50	1776	1777	479	478	-1	479	-1	477
4	4795	50	1777	1778	480	479	-1	480	-1	478
4	4805	50	1778	1779	481	480	-1	481	-1	479
4	4815	50	1779	1780	482	481	-1	482	-1	480
4	4825	50	1780	1781	483	482	-1	483	-1	481
4	4835	50	1781	1782	484	483	-1	484	-1	482
4	4845	50	1782	1783	485	484	-1	485	-1	483
4	4855	50	1783	1784	486	485	-1	486	-1	484
4	4865	50	1784	1785	487	486	-1	487	-1	485
4	4875	50	1785	1786	488	487	-1	488	-1	486
4	4885	50	1786	1787	489	488	-1	489	-1	487
4	4895	50	1787	1788	490	489	-1	490	-1	488
4	4905	50	1788	1789	491	490	-1	491	-1	489
4	4915	50	1789	1790	492	491	-1	492	-1	490
4	4925	50	1790	1791	493	492	-1	493	-1	491
4	4935	50	1791	1792	494	493	-1	494	-1	492
4	4945	50	1792	1793	495	494	-1	495	-1	493
4	4955	50	1793	1794	496	495	-1	496	-1	494
4	4965	50	1794	1795	497	496	-1	497	-1	495
4	4975	50	1795	1796	498	497	-1	498	-1	496
4	4985	50	1796	1797	499	498	-1	499	-1	497
4	4995	50	1797	1798	500	499	-1	500	-1	498
4	5010	50	1798	1799	501	500	-1	501	-1	499
4	5020.1	50	1799	1800	502	501	-1	502	-1	500
4	5020.3	50	1800	1801	503	502	-1	503	-1	501
4	5020.5	50	1801	1802	504	503	-1	504	-1	502
4	5020.7	50	1802	1803	505	504	-1	505	-1	503
4	5020.9	50	1803	1804	506	505	-1	506	-1	504
4	5021.1	50	1804	1805	507	506	-1	507	-1	505
4	5021.3	50	1805	1806	508	507	-1	508	-1	506
4	5021.55	50	1806	1807	509	508	-1	509	-1	507
4	5021.8	50	1807	1808	510	509	-1	510	-1	508
4	5022	50	1808	1809	511	510	-1	511	-1	509
4	5022.2	50	1809	1810	512	511	-1	512	-1	510
4	5022.4	50	1810	1811	513	512	-1	513	-1	511
4	5022.65	50	1811	1812	514	513	-1	514	-1	512
4	5022.9	50	1812	1813	515	514	-1	515	-1	513
4	5023.1	50	1813	1814	516	515	-1	516	-1	514
4	5023.35	50	1814	1815	517	516	-1	517	-1	515
4	5023.6	50	1815	1816	518	517	-1	518	-1	516
4	5023.8	50	1816	1817	519	518	-1	519	-1	517
4	5024.05	50	1817	1818	520	519	-1	520	-1	518
4	5024.3	50	1818	1819	521	520	-1	521	-1	519
4	5024.5	50	1819	1820	522	521	-1	522	-1	520
4	5024.75	50	1820	1821	523	522	-1	523	-1	521
4	5025	50	1821	1822	524	523	-1	524	-1	522
4	5025.25	50	1822	1823	525	524	-1	525	-1	523
4	5025.5	50	1823	1824	526	525	-1	526	-1	524
4	5025.75	50	1824	1825	527	526	-1	527	-1	525
4	5026.05	50	1825	1826	528	527	-1	528	-1	526
4	5026.3	50	1826	1827	529	528	-1	529	-1	527
4	5026.55	50	1827	1828	530	529	-1	530	-1	528
4	5026.85	50	1828	1829	531	530	-1	531	-1	529
4	5027.1	50	1829	1830	532	531	-1	532	-1	530
4	5027.35	50	1830	1831	533	532	-1	533	-1	531
4	5027.65	50	1831	1832	534	533	-1	534	-1	532
4	5027.95	50	1832	1833	535	534	-1	535	-1	533
4	5028.2	50	1833	1834	536	535	-1	536	-1	534
4	5028.45	50	1834	1835	537	536	-1	537	-1	535
4	5028.75	50	1835	1836	538	537	-1	538	-1	536
4	5029.05	50	1836	1837	539	538	-1	539	-1	537
4	5029.35	50	1837	1838	540	539	-1	540	-1	538
4	5029.65	50	1838	1839	541	540	-1	541	-1	539
4	5029.95	50	1839	1840	542	541	-1	542	-1	540
4	5030.25	50	1840	1841	543	542	-1	543	-1	541
4	5030.55	50	1841	1842	544	543	-1	544	-1	542
4	5030.85	50	1842	1843	545	544	-1	545	-1	543
4	5031.15	50	1843	1844	546	545	-1	546	-1	544
4	5031.45	50	1844	1845	547	546	-1	547	-1	545
4	5031.75	50	1845	1846	548	547	-1	548	-1	546
4	5032.05	50	1846	1847	549	548	-1	549	-1	547
4	5032.4	50	1847	1848	550	549	-1	550	-1	548
4	5032.75	50	1848	1849	551	550	-1	551	-1	549
4	5033.05	50	1849	1850	552	551	-1	552	-1	550
4	5033.4	50	1850	1851	553	552	-1	553	-1	551
4	5033.75	50	1851	1852	554	553	-1	554	-1	552
4	5034.05	50	1852	1853	555	554	-1	555	-1	553
4	5034.4	50	1853	1854	556	555	-1	556	-1	554
4	5034.75	50	1854	1855	557	556	-1	557	-1	555
4	5035.1	50	1855	1856	558	557	-1	558	-1	556
4	5035.45	50	1856	1857	559	558	-1	559	-1	557
4	5035.8	50	1857	1858	560	559	-1	560	-1	558
4	5036.15	50	1858	1859	561	560	-1	561	-1	559
4	5036.5	50	1859	1860	562	561	-1	562	-1	560
4	5036.9	50	1860	1861	563	562	-1	563	-1	561
4	5037.25	50	1861	1862	564	563	-1	564	-1	562
4	5037.6	50	1862	1863	565	564	-1	565	-1	563
4	5038	50	1863	1864	566	565	-1	566	-1	564
4	5038.4	50	1864	1865	567	566	-1	567	-1	565
4	5038.8	50	1865	1866	568	567	-1	568	-1	566
4	5039.15	50	1866	1867	569	568	-1	569	-1	567
4	5039.5	50	1867	1868	570	569	-1	570	-1	568
4	5039.9	50	1868	1869	571	570	-1	571	-1	569
4	5040.3	50	1869	1870	572	571	-1	572	-1	570
4	5040.7	50	1870	1871	573	572	-1	573	-1	571
4	5041.15	50	1871	1872	574	573	-1	574	-1	572
4	5041.6	50	1872	1873	575	574	-1	575	-1	573
4	5042	50	1873	1874	576	575	-1	576	-1	574
4	5042.4	50	1874	1875	577	576	-1	577	-1	575
4	5042.8	50	1875	1876	578	577	-1	578	-1	576
4	5043.25	50	1876	1877	579	578	-1	579	-1	577
4	5043.7	50	1877	1878	580	579	-1	580	-1	578
4	5044.1	50	1878	1879	581	580	-1	581	-1	579
4	5044.55	50	1879	1880	582	581	-1	582	-1	580
4	5045	50	1880	1881	583	582	-1	583	-1	581
4	5045.45	50	1881	1882	584	583	-1	584	-1	582
4	5045.9	50	1882	1883	585	584	-1	585	-1	583
4	5046.35	50	1883	1884	586	585	-1	586	-1	584
4	5046.85	50	1884	1885	587	586	-1	587	-1	585
4	5047.3	50	1885	1886	588	587	-1	588	-1	586
4	5047.75	50	1886	1887	589	588	-1	589	-1	587
4	5048.25	50	1887	1888	590	589	-1	590	-1	588
4	5048.75	50	1888	1889	591	590	-1	591	-1	589
4	5049.25	50	1889	1890	592	591	-1	592	-1	590
4	5049.75	50	1890	1891	593	592	-1	593	-1	591
4	5050.25	50	1891	1892	594	593	-1	594	-1	592
4	5050.75	50	1892	1893	595	594	-1	595	-1	593
4	5051.25	50	1893	1894	596	595	-1	596	-1	594
4	5051.75	50	1894	1895	597	596	-1	597	-1	595
4	5052.25	50	1895	1896	598	597	-1	598	-1	596
4	5052.75	50	1896	1897	599	598	-1	599	-1	597
4	5053.3	50	1897	1898	600	599	-1	600	-1	598
4	5053.85	50	1898	1899	601	600	-1	601	-1	599
4	5054.35	50	1899	1900	602	601	-1	602	-1	600
4	5054.9	50	1900	1901	603	602	-1	603	-1	601
4	5055.45	50	1901	1902	604	603	-1	604	-1	602
4	5056	50	1902	1903	605	604	-1	605	-1	603
4	5056.6	50	1903	1904	606	605	-1	606	-1	604
4	5057.15	50	1904	1905	607	606	-1	607	-1	605
4	5057.7	50	1905	1906	608	607	-1	608	-1	606
4	5058.3	50	1906	1907	609	608	-1	609	-1	607
4	5058.9	50	1907	1908	610	609	-1	610	-1	608
4	5059.5	50	1908	1909	611	610	-1	611	-1	609
4	5060.1	50	1909	1910	612	611	-1	612	-1	610
4	5060.7	50	1910	1911	613	612	-1	613	-1	611
4	5061.3	50	1911	1912	614	613	-1	614	-1	612
4	5061.9	50	1912	1913	615	614	-1	615	-1	613
4	5062.5	50	1913	1914	616	615	-1	616	-1	614
4	5063.1	50	1914	1915	617	616	-1	617	-1	615
4	5063.75	50	1915	1916	618	617	-1	618	-1	616
4	5064.4	50	1916	1917	619	618	-1	619	-1	617
4	5065.05	50	1917	1918	620	619	-1	620	-1	618
4	5065.7	50	1918	1919	621	620	-1	621	-1	619
4	5066.35	50	1919	1920	622	621	-1	622	-1	620
4	5067	50	1920	1921	623	622	-1	623	-1	621
4	5067.65	50	1921	1922	624	623	-1	624	-1	622
4	5068.35	50	1922	1923	625	624	-1	625	-1	623
4	5069.05	50	1923	1924	626	625	-1	626	-1	624
4	5069.75	50	1924	1925	627	626	-1	627	-1	625
4	5070.45	50	1925	1926	628	627	-1	628	-1	626
4	5071.15	50	1926	1927	629	628	-1	629	-1	627
4	5071.85	50	1927	1928	630	629	-1	630	-1	628
4	5072.55	50	1928	1929	631	630	-1	631	-1	629
4	5073.25	50	1929	1930	632	631	-1	632	-1	630
4	5074	50	1930	1931	633	632	-1	633	-1	631
4	5074.75	50	1931	1932	634	633	-1	634	-1	632
4	5075.5	50	1932	1933	635	634	-1	635	-1	633
4	5076.25	50	1933	1934	636	635	-1	636	-1	634
4	5077	50	1934	1935	637	636	-1	637	-1	635
4	5077.8	50	1935	1936	638	637	-1	638	-1	636
4	5078.6	50	1936	1937	639	638	-1	639	-1	637
4	5079.35	50	1937	1938	640	639	-1	640	-1	638
4	5080.1	50	1938	1939	641	640	-1	641	-1	639
4	5080.9	50	1939	1940	642	641	-1	642	-1	640
4	5081.75	50	1940	1941	643	642	-1	643	-1	641
4	5082.6	50	1941	1942	644	643	-1	644	-1	642
4	5083.4	50	1942	1943	645	644	-1	645	-1	643
4	5084.25	50	1943	1944	646	645	-1	646	-1	644
4	5085.1	50	1944	1945	647	646	-1	647	-1	645
4	5085.95	50	1945	1946	648	647	-1	648	-1	646
4	5086.8	50	1946	1947	649	648	-1	649	-1	647
4	5087.65	50	1947	1948	650	649	-1	650	-1	648
4	5088.55	50	1948	1949	651	650	-1	651	-1	649
4	5089.45	50	1949	1950	652	651	-1	652	-1	650
4	5090.35	50	1950	1951	653	652	-1	653	-1	651
4	5091.25	50	1951	1952	654	653	-1	654	-1	652
4	5092.15	50	1952	1953	655	654	-1	655	-1	653
4	5093.05	50	1953	1954	656	655	-1	656	-1	654
4	5093.95	50	1954	1955	657	656	-1	657	-1	655
4	5094.9	50	1955	1956	658	657	-1	658	-1	656
4	5095.85	50	1956	1957	659	658	-1	659	-1	657
4	5096.8	50	1957	1958	660	659	-1	660	-1	658
4	5097.8	50	1958	1959	661	660	-1	661	-1	659
4	5098.8	50	1959	1960	662	661	-1	662	-1	660
4	5099.8	50	1960	1961	663	662	-1	663	-1	661
4	5100.8	50	1961	1962	664	663	-1	664	-1	662
4	5101.8	50	1962	1963	665	664	-1	665	-1	663
4	5102.8	50	1963	1964	666	665	-1	666	-1	664
4	5103.8	50	1964	1965	667	666	-1	667	-1	665
4	5104.85	50	1965	1966	668	667	-1	668	-1	666
4	5105.9	50	1966	1967	669	668	-1	669	-1	667
4	5106.95	50	1967	1968	670	669	-1	670	-1	668
4	5108.05	50	1968	1969	671	670	-1	671	-1	669
4	5109.1	50	1969	1970	672	671	-1	672	-1	670
4	5110.15	50	1970	1971	673	672	-1	673	-1	671
4	5111.25	50	1971	1972	674	673	-1	674	-1	672
4	5112.4	50	1972	1973	675	674	-1	675	-1	673
4	5113.55	50	1973	1974	676	675	-1	676	-1	674
4	5114.65	50	1974	1975	677	676	-1	677	-1	675
4	5115.8	50	1975	1976	678	677	-1	678	-1	676
4	5117	50	1976	1977	679	678	-1	679	-1	677
4	5118.15	50	1977	1978	680	679	-1	680	-1	678
4	5119.3	50	1978	1979	681	680	-1	681	-1	679
4	5120.5	50	1979	1980	682	681	-1	682	-1	680
4	5121.7	50	1980	1981	683	682	-1	683	-1	681
4	5122.9	50	1981	1982	684	683	-1	684	-1	682
4	5124.15	50	1982	1983	685	684	-1	685	-1	683
4	5125.4	50	1983	1984	686	685	-1	686	-1	684
4	5126.65	50	1984	1985	687	686	-1	687	-1	685
4	5127.95	50	1985	1986	688	687	-1	688	-1	686
4	5129.25	50	1986	1987	689	688	-1	689	-1	687
4	5130.55	50	1987	1988	690	689	-1	690	-1	688
4	5131.85	50	1988	1989	691	690	-1	691	-1	689
4	5133.15	50	1989	1990	692	691	-1	692	-1	690
4	5134.45	50	1990	1991	693	692	-1	693	-1	691
4	5135.8	50	1991	1992	694	693	-1	694	-1	692
4	5137.15	50	1992	1993	695	694	-1	695	-1	693
4	5138.5	50	1993	1994	696	695	-1	696	-1	694
4	5139.9	50	1994	1995	697	696	-1	697	-1	695
4	5141.3	50	1995	1996	698	697	-1	698	-1	696
4	5142.7	50	1996	1997	699	698	-1	699	-1	697
4	5144.15	50	1997	1998	700	699	-1	700	-1	698
4	5145.6	50	1998	1999	701	700	-1	701	-1	699
4	5147.05	50	1999	2000	702	701	-1	702	-1	700
4	5148.55	50	2000	2001	703	702	-1	703	-1	701
4	5150.05	50	2001	2002	704	703	-1	704	-1	702
4	5151.55	50	2002	2003	705	704	-1	705	-1	703
4	5153.05	50	2003	2004	706	705	-1	706	-1	704
4	5154.55	50	2004	2005	707	706	-1	707	-1	705
4	5156.1	50	2005	2006	708	707	-1	708	-1	706
4	5157.65	50	2006	2007	709	708	-1	709	-1	707
4	5159.2	50	2007	2008	710	709	-1	710	-1	708
4	5160.8	50	2008	2009	711	710	-1	711	-1	709
4	5162.4	50	2009	2010	712	711	-1	712	-1	710
4	5164.05	50	2010	2011	713	712	-1	713	-1	711
4	5165.7	50	2011	2012	714	713	-1	714	-1	712
4	5167.35	50	2012	2013	715	714	-1	715	-1	713
4	5169.05	50	2013	2014	716	715	-1	716	-1	714
4	5170.75	50	2014	2015	717	716	-1	717	-1	715
4	5172.45	50	2015	2016	718	717	-1	718	-1	716
4	5174.15	50	2016	2017	719	718	-1	719	-1	717
4	5175.9	50	2017	2018	720	719	-1	720	-1	718
4	5177.65	50	2018	2019	721	720	-1	721	-1	719
4	5179.4	50	2019	2020	722	721	-1	722	-1	720
4	5181.2	50	2020	2021	723	722	-1	723	-1	721
4	5183	50	2021	2022	724	723	-1	724	-1	722
4	5184.85	50	2022	2023	725	724	-1	725	-1	723
4	5186.7	50	2023	2024	726	725	-1	726	-1	724
4	5188.55	50	2024	2025	727	726	-1	727	-1	725
4	5190.45	50	2025	2026	728	727	-1	728	-1	726
4	5192.35	50	2026	2027	729	728	-1	729	-1	727
4	5194.3	50	2027	2028	730	729	-1	730	-1	728
4	5196.25	50	2028	2029	731	730	-1	731	-1	729
4	5198.2	50	2029	2030	732	731	-1	732	-1	730
4	5200.2	50	2030	2031	733	732	-1	733	-1	731
4	5202.2	50	2031	2032	734	733	-1	734	-1	732
4	5204.2	50	2032	2033	735	734	-1	735	-1	733
4	5206.25	50	2033	2034	736	735	-1	736	-1	734
4	5208.35	50	2034	2035	737	736	-1	737	-1	735
4	5210.4	50	2035	2036	738	737	-1	738	-1	736
4	5212.5	50	2036	2037	739	738	-1	739	-1	737
4	5214.65	50	2037	2038	740	739	-1	740	-1	738
4	5216.8	50	2038	2039	741	740	-1	741	-1	739
4	5218.95	50	2039	2040	742	741	-1	742	-1	740
4	5221.1	50	2040	2041	743	742	-1	743	-1	741
4	5223.35	50	2041	2042	744	743	-1	744	-1	742
4	5225.6	50	2042	2043	745	744	-1	745	-1	743
4	5227.85	50	2043	2044	746	745	-1	746	-1	744
4	5230.15	50	2044	2045	747	746	-1	747	-1	745
4	5232.45	50	2045	2046	748	747	-1	748	-1	746
4	5234.75	50	2046	2047	749	748	-1	749	-1	747
4	5237.1	50	2047	2048	750	749	-1	750	-1	748
4	5239.45	50	2048	2049	751	750	-1	751	-1	749
4	5241.8	50	2049	2050	752	751	-1	752	-1	750
4	5244.25	50	2050	2051	753	752	-1	753	-1	751
4	5246.7	50	2051	2052	754	753	-1	754	-1	752
4	5249.15	50	2052	2053	755	754	-1	755	-1	753
4	5251.65	50	2053	2054	756	755	-1	756	-1	754
4	5254.15	50	2054	2055	757	756	-1	757	-1	755
4	5256.7	50	2055	2056	758	757	-1	758	-1	756
4	5259.3	50	2056	2057	759	758	-1	759	-1	757
4	5261.9	50	2057	2058	760	759	-1	760	-1	758
4	5264.5	50	2058	2059	761	760	-1	761	-1	759
4	5267.15	50	2059	2060	762	761	-1	762	-1	760
4	5269.85	50	2060	2061	763	762	-1	763	-1	761
4	5272.55	50	2061	2062	764	763	-1	764	-1	762
4	5275.25	50	2062	2063	765	764	-1	765	-1	763
4	5278	50	2063	2064	766	765	-1	766	-1	764
4	5280.8	50	2064	2065	767	766	-1	767	-1	765
4	5283.6	50	2065	2066	768	767	-1	768	-1	766
4	5286.4	50	2066	2067	769	768	-1	769	-1	767
4	5289.25	50	2067	2068	770	769	-1	770	-1	768
4	5292.15	50	2068	2069	771	770	-1	771	-1	769
4	5295.1	50	2069	2070	772	771	-1	772	-1	770
4	5298.05	50	2070	2071	773	772	-1	773	-1	771
4	5301	50	2071	2072	774	773	-1	774	-1	772
4	5304.05	50	2072	2073	775	774	-1	775	-1	773
4	5307.1	50	2073	2074	776	775	-1	776	-1	774
4	5310.15	50	2074	2075	777	776	-1	777	-1	775
4	5313.25	50	2075	2076	778	777	-1	778	-1	776
4	5316.4	50	2076	2077	779	778	-1	779	-1	777
4	5319.55	50	2077	2078	780	779	-1	780	-1	778
4	5322.75	50	2078	2079	781	780	-1	781	-1	779
4	5326	50	2079	2080	782	781	-1	782	-1	780
4	5329.25	50	2080	2081	783	782	-1	783	-1	781
4	5332.55	50	2081	2082	784	783	-1	784	-1	782
4	5335.85	50	2082	2083	785	784	-1	785	-1	783
4	5339.2	50	2083	2084	786	785	-1	786	-1	784
4	5342.6	50	2084	2085	787	786	-1	787	-1	785
4	5346	50	2085	2086	788	787	-1	788	-1	786
4	5349.45	50	2086	2087	789	788	-1	789	-1	787
4	5352.95	50	2087	2088	790	789	-1	790	-1	788
4	5356.5	50	2088	2089	791	790	-1	791	-1	789
4	5360.1	50	2089	2090	792	791	-1	792	-1	790
4	5363.7	50	2090	2091	793	792	-1	793	-1	791
4	5367.3	50	2091	2092	794	793	-1	794	-1	792
4	5370.95	50	2092	2093	795	794	-1	795	-1	793
4	5374.7	50	2093	2094	796	795	-1	796	-1	794
4	5378.45	50	2094	2095	797	796	-1	797	-1	795
4	5382.2	50	2095	2096	798	797	-1	798	-1	796
4	5386.05	50	2096	2097	799	798	-1	799	-1	797
4	5389.95	50	2097	2098	800	799	-1	800	-1	798
4	5393.85	50	2098	2099	801	800	-1	801	-1	799
4	5397.75	50	2099	2100	802	801	-1	802	-1	800
4	5401.7	50	2100	2101	803	802	-1	803	-1	801
4	5405.75	50	2101	2102	804	803	-1	804	-1	802
4	5409.8	50	2102	2103	805	804	-1	805	-1	803
4	5413.9	50	2103	2104	806	805	-1	806	-1	804
4	5418.05	50	2104	2105	807	806	-1	807	-1	805
4	5422.2	50	2105	2106	808	807	-1	808	-1	806
4	5426.45	50	2106	2107	809	808	-1	809	-1	807
4	5430.7	50	2107	2108	810	809	-1	810	-1	808
4	5435	50	2108	2109	811	810	-1	811	-1	809
4	5439.35	50	2109	2110	812	811	-1	812	-1	810
4	5443.75	50	2110	2111	813	812	-1	813	-1	811
4	5448.2	50	2111	2112	814	813	-1	814	-1	812
4	5452.65	50	2112	2113	815	814	-1	815	-1	813
4	5457.2	50	2113	2114	816	815	-1	816	-1	814
4	5461.8	50	2114	2115	817	816	-1	817	-1	815
4	5466.4	50	2115	2116	818	817	-1	818	-1	816
4	5471.05	50	2116	2117	819	818	-1	819	-1	817
4	5475.75	50	2117	2118	820	819	-1	820	-1	818
4	5480.5	50	2118	2119	821	820	-1	821	-1	819
4	5485.3	50	2119	2120	822	821	-1	822	-1	820
4	5490.15	50	2120	2121	823	822	-1	823	-1	821
4	5495.05	50	2121	2122	824	823	-1	824	-1	822
4	5500	50	2122	2123	825	824	-1	825	-1	823
4	5505	50	2123	2124	826	825	-1	826	-1	824
4	5510.05	50	2124	2125	827	826	-1	827	-1	825
4	5515.15	50	2125	2126	828	827	-1	828	-1	826
4	5520.3	50	2126	2127	829	828	-1	829	-1	827
4	5525.55	50	2127	2128	830	829	-1	830	-1	828
4	5530.8	50	2128	2129	831	830	-1	831	-1	829
4	5536.1	50	2129	2130	832	831	-1	832	-1	830
4	5541.5	50	2130	2131	833	832	-1	833	-1	831
4	5546.9	50	2131	2132	834	833	-1	834	-1	832
4	5552.35	50	2132	2133	835	834	-1	835	-1	833
4	5557.85	50	2133	2134	836	835	-1	836	-1	834
4	5563.45	50	2134	2135	837	836	-1	837	-1	835
4	5569.1	50	2135	2136	838	837	-1	838	-1	836
4	5574.75	50	2136	2137	839	838	-1	839	-1	837
4	5580.5	50	2137	2138	840	839	-1	840	-1	838
4	5586.3	50	2138	2139	841	840	-1	841	-1	839
4	5592.15	50	2139	2140	842	841	-1	842	-1	840
4	5598.1	50	2140	2141	843	842	-1	843	-1	841
4	5604.1	50	2141	2142	844	843	-1	844	-1	842
4	5610.15	50	2142	2143	845	844	-1	845	-1	843
4	5616.25	50	2143	2144	846	845	-1	846	-1	844
4	5622.4	50	2144	2145	847	846	-1	847	-1	845
4	5628.65	50	2145	2146	848	847	-1	848	-1	846
4	5634.95	50	2146	2147	849	848	-1	849	-1	847
4	5641.3	50	2147	2148	850	849	-1	850	-1	848
4	5647.7	50	2148	2149	851	850	-1	851	-1	849
4	5654.15	50	2149	2150	852	851	-1	852	-1	850
4	5660.7	50	2150	2151	853	852	-1	853	-1	851
4	5667.3	50	2151	2152	854	853	-1	854	-1	852
4	5673.95	50	2152	2153	855	854	-1	855	-1	853
4	5680.7	50	2153	2154	856	855	-1	856	-1	854
4	5687.5	50	2154	2155	857	856	-1	857	-1	855
4	5694.35	50	2155	2156	858	857	-1	858	-1	856
4	5701.3	50	2156	2157	859	858	-1	859	-1	857
4	5708.35	50	2157	2158	860	859	-1	860	-1	858
4	5715.45	50	2158	2159	861	860	-1	861	-1	859
4	5722.6	50	2159	2160	862	861	-1	862	-1	860
4	5729.8	50	2160	2161	863	862	-1	863	-1	861
4	5737.1	50	2161	2162	864	863	-1	864	-1	862
4	5744.5	50	2162	2163	865	864	-1	865	-1	863
4	5751.95	50	2163	2164	866	865	-1	866	-1	864
4	5759.45	50	2164	2165	867	866	-1	867	-1	865
4	5767.05	50	2165	2166	868	867	-1	868	-1	866
4	5774.75	50	2166	2167	869	868	-1	869	-1	867
4	5782.5	50	2167	2168	870	869	-1	870	-1	868
4	5790.3	50	2168	2169	871	870	-1	871	-1	869
4	5798.2	50	2169	2170	872	871	-1	872	-1	870
4	5806.2	50	2170	2171	873	872	-1	873	-1	871
4	5814.25	50	2171	2172	874	873	-1	874	-1	872
4	5822.4	50	2172	2173	875	874	-1	875	-1	873
4	5830.6	50	2173	2174	876	875	-1	876	-1	874
4	5838.9	50	2174	2175	877	876	-1	877	-1	875
4	5847.3	50	2175	2176	878	877	-1	878	-1	876
4	5855.75	50	2176	2177	879	878	-1	879	-1	877
4	5864.3	50	2177	2178	880	879	-1	880	-1	878
4	5872.95	50	2178	2179	881	880	-1	881	-1	879
4	5881.7	50	2179	2180	882	881	-1	882	-1	880
4	5890.5	50	2180	2181	883	882	-1	883	-1	881
4	5899.4	50	2181	2182	884	883	-1	884	-1	882
4	5908.4	50	2182	2183	885	884	-1	885	-1	883
4	5917.5	50	2183	2184	886	885	-1	886	-1	884
4	5926.7	50	2184	2185	887	886	-1	887	-1	885
4	5935.95	50	2185	2186	888	887	-1	888	-1	886
4	5945.3	50	2186	2187	889	888	-1	889	-1	887
4	5954.75	50	2187	2188	890	889	-1	890	-1	888
4	5964.3	50	2188	2189	891	890	-1	891	-1	889
4	5973.95	50	2189	2190	892	891	-1	892	-1	890
4	5983.7	50	2190	2191	893	892	-1	893	-1	891
4	5993.55	50	2191	2192	894	893	-1	894	-1	892
4	6003.45	50	2192	2193	895	894	-1	895	-1	893
4	6013.45	50	2193	2194	896	895	-1	896	-1	894
4	6023.6	50	2194	2195	897	896	-1	897	-1	895
4	6033.85	50	2195	2196	898	897	-1	898	-1	896
4	6044.2	50	2196	2197	899	898	-1	899	-1	897
4	6054.65	50	2197	2198	900	899	-1	900	-1	898
4	6065.2	50	2198	2199	901	900	-1	901	-1	899
4	6075.85	50	2199	2200	902	901	-1	902	-1	900
4	6086.6	50	2200	2201	903	902	-1	903	-1	901
4	6097.45	50	2201	2202	904	903	-1	904	-1	902
4	6108.4	50	2202	2203	905	904	-1	905	-1	903
4	6119.5	50	2203	2204	906	905	-1	906	-1	904
4	6130.7	50	2204	2205	907	906	-1	907	-1	905
4	6142	50	2205	2206	908	907	-1	908	-1	906
4	6153.45	50	2206	2207	909	908	-1	909	-1	907
4	6165	50	2207	2208	910	909	-1	910	-1	908
4	6176.65	50	2208	2209	911	910	-1	911	-1	909
4	6188.4	50	2209	2210	912	911	-1	912	-1	910
4	6200.25	50	2210	2211	913	912	-1	913	-1	911
4	6212.25	50	2211	2212	914	913	-1	914	-1	912
4	6224.4	50	2212	2213	915	914	-1	915	-1	913
4	6236.65	50	2213	2214	916	915	-1	916	-1	914
4	6249	50	2214	2215	917	916	-1	917	-1	915
4	6261.5	50	2215	2216	918	917	-1	918	-1	916
4	6274.15	50	2216	2217	919	918	-1	919	-1	917
4	6286.9	50	2217	2218	920	919	-1	920	-1	918
4	6299.75	50	2218	2219	921	920	-1	921	-1	919
4	6312.75	50	2219	2220	922	921	-1	922	-1	920
4	6325.85	50	2220	2221	923	922	-1	923	-1	921
4	6339.1	50	2221	2222	924	923	-1	924	-1	922
4	6352.5	50	2222	2223	925	924	-1	925	-1	923
4	6366	50	2223	2224	926	925	-1	926	-1	924
4	6379.65	50	2224	2225	927	926	-1	927	-1	925
4	6393.45	50	2225	2226	928	927	-1	928	-1	926
4	6407.4	50	2226	2227	929	928	-1	929	-1	927
4	6421.5	50	2227	2228	930	929	-1	930	-1	928
4	6435.7	50	2228	2229	931	930	-1	931	-1	929
4	6450.05	50	2229	2230	932	931	-1	932	-1	930
4	6464.55	50	2230	2231	933	932	-1	933	-1	931
4	6479.2	50	2231	2232	934	933	-1	934	-1	932
4	6494	50	2232	2233	935	934	-1	935	-1	933
4	6508.9	50	2233	2234	936	935	-1	936	-1	934
4	6524	50	2234	2235	937	936	-1	937	-1	935
4	6539.25	50	2235	2236	938	937	-1	938	-1	936
4	6554.65	50	2236	2237	939	938	-1	939	-1	937
4	6570.2	50	2237	2238	940	939	-1	940	-1	938
4	6585.9	50	2238	2239	941	940	-1	941	-1	939
4	6601.75	50	2239	2240	942	941	-1	942	-1	940
4	6617.75	50	2240	2241	943	942	-1	943	-1	941
4	6633.95	50	2241	2242	944	943	-1	944	-1	942
4	6650.3	50	2242	2243	945	944	-1	945	-1	943
4	6666.8	50	2243	2244	946	945	-1	946	-1	944
4	6683.5	50	2244	2245	947	946	-1	947	-1	945
4	6700.35	50	2245	2246	948	947	-1	948	-1	946
4	6717.35	50	2246	2247	949	948	-1	949	-1	947
4	6734.5	50	2247	2248	950	949	-1	950	-1	948
4	6751.8	50	2248	2249	951	950	-1	951	-1	949
4	6769.35	50	2249	2250	952	951	-1	952	-1	950
4	6787.05	50	2250	2251	953	952	-1	953	-1	951
4	6804.9	50	2251	2252	954	953	-1	954	-1	952
4	6822.95	50	2252	2253	955	954	-1	955	-1	953
4	6841.2	50	2253	2254	956	955	-1	956	-1	954
4	6859.65	50	2254	2255	957	956	-1	957	-1	955
4	6878.2	50	2255	2256	958	957	-1	958	-1	956
4	6896.95	50	2256	2257	959	958	-1	959	-1	957
4	6915.95	50	2257	2258	960	959	-1	960	-1	958
4	6935.1	50	2258	2259	961	960	-1	961	-1	959
4	6954.45	50	2259	2260	962	961	-1	962	-1	960
4	6974	50	2260	2261	963	962	-1	963	-1	961
4	6993.75	50	2261	2262	964	963	-1	964	-1	962
4	7013.7	50	2262	2263	965	964	-1	965	-1	963
4	7033.8	50	2263	2264	966	965	-1	966	-1	964
4	7054.15	50	2264	2265	967	966	-1	967	-1	965
4	7074.7	50	2265	2266	968	967	-1	968	-1	966
4	7095.45	50	2266	2267	969	968	-1	969	-1	967
4	7116.4	50	2267	2268	970	969	-1	970	-1	968
4	7137.55	50	2268	2269	971	970	-1	971	-1	969
4	7158.95	50	2269	2270	972	971	-1	972	-1	970
4	7180.55	50	2270	2271	973	972	-1	973	-1	971
4	7202.35	50	2271	2272	974	973	-1	974	-1	972
4	7224.35	50	2272	2273	975	974	-1	975	-1	973
4	7246.6	50	2273	2274	976	975	-1	976	-1	974
4	7269.1	50	2274	2275	977	976	-1	977	-1	975
4	7291.8	50	2275	2276	978	977	-1	978	-1	976
4	7314.7	50	2276	2277	979	978	-1	979	-1	977
4	7337.85	50	2277	2278	980	979	-1	980	-1	978
4	7361.25	50	2278	2279	981	980	-1	981	-1	979
4	7384.85	50	2279	2280	982	981	-1	982	-1	980
4	7408.7	50	2280	2281	983	982	-1	983	-1	981
4	7432.8	50	2281	2282	984	983	-1	984	-1	982
4	7457.1	50	2282	2283	985	984	-1	985	-1	983
4	7481.65	50	2283	2284	986	985	-1	986	-1	984
4	7506.45	50	2284	2285	987	986	-1	987	-1	985
4	7531.5	50	2285	2286	988	987	-1	988	-1	986
4	7556.85	50	2286	2287	989	988	-1	989	-1	987
4	7582.45	50	2287	2288	990	989	-1	990	-1	988
4	7608.25	50	2288	2289	991	990	-1	991	-1	989
4	7634.3	50	2289	2290	992	991	-1	992	-1	990
4	7660.65	50	2290	2291	993	992	-1	993	-1	991
4	7687.25	50	2291	2292	994	993	-1	994	-1	992
4	7714.15	50	2292	2293	995	994	-1	995	-1	993
4	7741.3	50	2293	2294	996	995	-1	996	-1	994
4	7768.7	50	2294	2295	997	996	-1	997	-1	995
4	7796.4	50	2295	2296	998	997	-1	998	-1	996
4	7824.35	50	2296	2297	999	998	-1	999	-1	997
4	7852.6	50	2297	2298	1000	999	-1	1000	-1	998
4	7881.15	50	2298	2299	1001	1000	-1	1001	-1	999
4	7909.95	50	2299	2300	1002	1001	-1	1002	-1	1000
4	7939.05	50	2300	2301	1003	1002	-1	1003	-1	1001
4	7968.45	50	2301	2302	1004	1003	-1	1004	-1	1002
4	7998.1	50	2302	2303	1005	1004	-1	1005	-1	1003
4	8028.1	50	2303	2304	1006	1005	-1	1006	-1	1004
4	8058.4	50	2304	2305	1007	1006	-1	1007	-1	1005
4	8088.95	50	2305	2306	1008	1007	-1	1008	-1	1006
4	8119.85	50	2306	2307	1009	1008	-1	1009	-1	1007
4	8151.05	50	2307	2308	1010	1009	-1	1010	-1	1008
4	8182.55	50	2308	2309	1011	1010	-1	1011	-1	1009
4	8214.4	50	2309	2310	1012	1011	-1	1012	-1	1010
4	8246.55	50	2310	2311	1013	1012	-1	1013	-1	1011
4	8279	50	2311	2312	1014	1013	-1	1014	-1	1012
4	8311.8	50	2312	2313	1015	1014	-1	1015	-1	1013
4	8344.9	50	2313	2314	1016	1015	-1	1016	-1	1014
4	8378.3	50	2314	2315	1017	1016	-1	1017	-1	1015
4	8412.1	50	2315	2316	1018	1017	-1	1018	-1	1016
4	8446.25	50	2316	2317	1019	1018	-1	1019	-1	1017
4	8480.7	50	2317	2318	1020	1019	-1	1020	-1	1018
4	8515.5	50	2318	2319	1021	1020	-1	1021	-1	1019
4	8550.65	50	2319	2320	1022	1021	-1	1022	-1	1020
4	8586.15	50	2320	2321	1023	1022	-1	1023	-1	1021
4	8622.05	50	2321	2322	1024	1023	-1	1024	-1	1022
4	8658.3	50	2322	2323	1025	1024	-1	1025	-1	1023
4	8694.85	50	2323	2324	1026	1025	-1	1026	-1	1024
4	8731.8	50	2324	2325	1027	1026	-1	1027	-1	1025
4	8769.15	50	2325	2326	1028	1027	-1	1028	-1	1026
4	8806.8	50	2326	2327	1029	1028	-1	1029	-1	1027
4	8844.85	50	2327	2328	1030	1029	-1	1030	-1	1028
4	8883.3	50	2328	2329	1031	1030	-1	1031	-1	1029
4	8922.15	50	2329	2330	1032	1031	-1	1032	-1	1030
4	8961.4	50	2330	2331	1033	1032	-1	1033	-1	1031
4	9001	50	2331	2332	1034	1033	-1	1034	-1	1032
4	9041	50	2332	2333	1035	1034	-1	1035	-1	1033
4	9081.4	50	2333	2334	1036	1035	-1	1036	-1	1034
4	9122.2	50	2334	2335	1037	1036	-1	1037	-1	1035
4	9163.45	50	2335	2336	1038	1037	-1	1038	-1	1036
4	9205.1	50	2336	2337	1039	1038	-1	1039	-1	1037
4	9247.15	50	2337	2338	1040	1039	-1	1040	-1	1038
4	9289.6	50	2338	2339	1041	1040	-1	1041	-1	1039
4	9332.45	50	2339	2340	1042	1041	-1	1042	-1	1040
4	9375.8	50	2340	2341	1043	1042	-1	1043	-1	1041
4	9419.6	50	2341	2342	1044	1043	-1	1044	-1	1042
4	9463.8	50	2342	2343	1045	1044	-1	1045	-1	1043
4	9508.4	50	2343	2344	1046	1045	-1	1046	-1	1044
4	9553.45	50	2344	2345	1047	1046	-1	1047	-1	1045
4	9599	50	2345	2346	1048	1047	-1	1048	-1	1046
4	9645	50	2346	2347	1049	1048	-1	1049	-1	1047
4	9691.45	50	2347	2348	1050	1049	-1	1050	-1	1048
4	9738.4	50	2348	2349	1051	1050	-1	1051	-1	1049
4	9785.8	50	2349	2350	1052	1051	-1	1052	-1	1050
4	9833.65	50	2350	2351	1053	1052	-1	1053	-1	1051
4	9882	50	2351	2352	1054	1053	-1	1054	-1	1052
4	9930.8	50	2352	2353	1055	1054	-1	1055	-1	1053
4	9980.1	50	2353	2354	1056	1055	-1	1056	-1	1054
4	10029.9	50	2354	2355	1057	1056	-1	1057	-1	1055
4	10080.2	50	2355	2356	1058	1057	-1	1058	-1	1056
4	10131	50	2356	2357	1059	1058	-1	1059	-1	1057
4	10182.3	50	2357	2358	1060	1059	-1	1060	-1	1058
4	10234.15	50	2358	2359	1061	1060	-1	1061	-1	1059
4	10286.5	50	2359	2360	1062	1061	-1	1062	-1	1060
4	10339.35	50	2360	2361	1063	1062	-1	1063	-1	1061
4	10392.75	50	2361	2362	1064	1063	-1	1064	-1	1062
4	10446.65	50	2362	2363	1065	1064	-1	1065	-1	1063
4	10501.1	50	2363	2364	1066	1065	-1	1066	-1	1064
4	10556.15	50	2364	2365	1067	1066	-1	1067	-1	1065
4	10611.7	50	2365	2366	1068	1067	-1	1068	-1	1066
4	10667.8	50	2366	2367	1069	1068	-1	1069	-1	1067
4	10724.5	50	2367	2368	1070	1069	-1	1070	-1	1068
4	10781.75	50	2368	2369	1071	1070	-1	1071	-1	1069
4	10839.55	50	2369	2370	1072	1071	-1	1072	-1	1070
4	10897.95	50	2370	2371	1073	1072	-1	1073	-1	1071
4	10956.95	50	2371	2372	1074	1073	-1	1074	-1	1072
4	11016.5	50	2372	2373	1075	1074	-1	1075	-1	1073
4	11076.65	50	2373	2374	1076	1075	-1	1076	-1	1074
4	11137.45	50	2374	2375	1077	1076	-1	1077	-1	1075
4	11198.8	50	2375	2376	1078	1077	-1	1078	-1	1076
4	11260.75	50	2376	2377	1079	1078	-1	1079	-1	1077
4	11323.4	50	2377	2378	1080	1079	-1	1080	-1	1078
4	11386.65	50	2378	2379	1081	1080	-1	1081	-1	1079
4	11450.5	50	2379	2380	1082	1081	-1	1082	-1	1080
4	11515	50	2380	2381	1083	1082	-1	1083	-1	1081
4	11580.15	50	2381	2382	1084	1083	-1	1084	-1	1082
4	11645.95	50	2382	2383	1085	1084	-1	1085	-1	1083
4	11712.4	50	2383	2384	1086	1085	-1	1086	-1	1084
4	11779.55	50	2384	2385	1087	1086	-1	1087	-1	1085
4	11847.35	50	2385	2386	1088	1087	-1	1088	-1	1086
4	11915.8	50	2386	2387	1089	1088	-1	1089	-1	1087
4	11984.95	50	2387	2388	1090	1089	-1	1090	-1	1088
4	12054.8	50	2388	2389	1091	1090	-1	1091	-1	1089
4	12125.35	50	2389	2390	1092	1091	-1	1092	-1	1090
4	12196.6	50	2390	2391	1093	1092	-1	1093	-1	1091
4	12268.55	50	2391	2392	1094	1093	-1	1094	-1	1092
4	12341.25	50	2392	2393	1095	1094	-1	1095	-1	1093
4	12414.7	50	2393	2394	1096	1095	-1	1096	-1	1094
4	12488.85	50	2394	2395	1097	1096	-1	1097	-1	1095
4	12563.7	50	2395	2396	1098	1097	-1	1098	-1	1096
4	12639.35	50	2396	2397	1099	1098	-1	1099	-1	1097
4	12715.75	50	2397	2398	1100	1099	-1	1100	-1	1098
4	12792.9	50	2398	2399	1101	1100	-1	1101	-1	1099
4	12870.85	50	2399	2400	1102	1101	-1	1102	-1	1100
4	12949.55	50	2400	2401	1103	1102	-1	1103	-1	1101
4	13029.05	50	2401	2402	1104	1103	-1	1104	-1	1102
4	13109.35	50	2402	2403	1105	1104	-1	1105	-1	1103
4	13190.45	50	2403	2404	1106	1105	-1	1106	-1	1104
4	13272.35	50	2404	2405	1107	1106	-1	1107	-1	1105
4	13355.05	50	2405	2406	1108	1107	-1	1108	-1	1106
4	13438.6	50	2406	2407	1109	1108	-1	1109	-1	1107
4	13523	50	2407	2408	1110	1109	-1	1110	-1	1108
4	13608.2	50	2408	2409	1111	1110	-1	1111	-1	1109
4	13694.25	50	2409	2410	1112	1111	-1	1112	-1	1110
4	13781.2	50	2410	2411	1113	1112	-1	1113	-1	1111
4	13869.05	50	2411	2412	1114	1113	-1	1114	-1	1112
4	13957.75	50	2412	2413	1115	1114	-1	1115	-1	1113
4	14047.3	50	2413	2414	1116	1115	-1	1116	-1	1114
4	14137.75	50	2414	2415	1117	1116	-1	1117	-1	1115
4	14229.15	50	2415	2416	1118	1117	-1	1118	-1	1116
4	14321.45	50	2416	2417	1119	1118	-1	1119	-1	1117
4	14414.65	50	2417	2418	1120	1119	-1	1120	-1	1118
4	14508.8	50	2418	2419	1121	1120	-1	1121	-1	1119
4	14603.9	50	2419	2420	1122	1121	-1	1122	-1	1120
4	14699.95	50	2420	2421	1123	1122	-1	1123	-1	1121
4	14796.95	50	2421	2422	1124	1123	-1	1124	-1	1122
4	14894.9	50	2422	2423	1125	1124	-1	1125	-1	1123
4	14993.85	50	2423	2424	1126	1125	-1	1126	-1	1124
4	15093.8	50	2424	2425	1127	1126	-1	1127	-1	1125
4	15194.75	50	2425	2426	1128	1127	-1	1128	-1	1126
4	15296.7	50	2426	2427	1129	1128	-1	1129	-1	1127
4	15399.65	50	2427	2428	1130	1129	-1	1130	-1	1128
4	15503.65	50	2428	2429	1131	1130	-1	1131	-1	1129
4	15608.7	50	2429	2430	1132	1131	-1	1132	-1	1130
4	15714.8	50	2430	2431	1133	1132	-1	1133	-1	1131
4	15821.95	50	2431	2432	1134	1133	-1	1134	-1	1132
4	15930.15	50	2432	2433	1135	1134	-1	1135	-1	1133
4	16039.45	50	2433	2434	1136	1135	-1	1136	-1	1134
4	16149.85	50	2434	2435	1137	1136	-1	1137	-1	1135
4	16261.35	50	2435	2436	1138	1137	-1	1138	-1	1136
4	16373.95	50	2436	2437	1139	1138	-1	1139	-1	1137
4	16487.65	50	2437	2438	1140	1139	-1	1140	-1	1138
4	16602.55	50	2438	2439	1141	1140	-1	1141	-1	1139
4	16718.6	50	2439	2440	1142	1141	-1	1142	-1	1140
4	16835.8	50	2440	2441	1143	1142	-1	1143	-1	1141
4	16954.15	50	2441	2442	1144	1143	-1	1144	-1	1142
4	17073.65	50	2442	2443	1145	1144	-1	1145	-1	1143
4	17194.4	50	2443	2444	1146	1145	-1	1146	-1	1144
4	17316.35	50	2444	2445	1147	1146	-1	1147	-1	1145
4	17439.5	50	2445	2446	1148	1147	-1	1148	-1	1146
4	17563.9	50	2446	2447	1149	1148	-1	1149	-1	1147
4	17689.55	50	2447	2448	1150	1149	-1	1150	-1	1148
4	17816.45	50	2448	2449	1151	1150	-1	1151	-1	1149
4	17944.6	50	2449	2450	1152	1151	-1	1152	-1	1150
4	18074.05	50	2450	2451	1153	1152	-1	1153	-1	1151
4	18204.8	50	2451	2452	1154	1153	-1	1154	-1	1152
4	18336.85	50	2452	2453	1155	1154	-1	1155	-1	1153
4	18470.2	50	2453	2454	1156	1155	-1	1156	-1	1154
4	18604.9	50	2454	2455	1157	1156	-1	1157	-1	1155
4	18740.95	50	2455	2456	1158	1157	-1	1158	-1	1156
4	18878.35	50	2456	2457	1159	1158	-1	1159	-1	1157
4	19017.15	50	2457	2458	1160	1159	-1	1160	-1	1158
4	19157.35	50	2458	2459	1161	1160	-1	1161	-1	1159
4	19298.9	50	2459	2460	1162	1161	-1	1162	-1	1160
4	19441.85	50	2460	2461	1163	1162	-1	1163	-1	1161
4	19586.3	50	2461	2462	1164	1163	-1	1164	-1	1162
4	19732.2	50	2462	2463	1165	1164	-1	1165	-1	1163
4	19879.5	50	2463	2464	1166	1165	-1	1166	-1	1164
4	20028.3	50	2464	2465	1167	1166	-1	1167	-1	1165
4	20178.6	50	2465	2466	1168	1167	-1	1168	-1	1166
4	20330.35	50	2466	2467	1169	1168	-1	1169	-1	1167
4	20483.65	50	2467	2468	1170	1169	-1	1170	-1	1168
4	20638.5	50	2468	2469	1171	1170	-1	1171	-1	1169
4	20794.9	50	2469	2470	1172	1171	-1	1172	-1	1170
4	20952.85	50	2470	2471	1173	1172	-1	1173	-1	1171
4	21112.35	50	2471	2472	1174	1173	-1	1174	-1	1172
4	21273.45	50	2472	2473	1175	1174	-1	1175	-1	1173
4	21436.2	50	2473	2474	1176	1175	-1	1176	-1	1174
4	21600.6	50	2474	2475	1177	1176	-1	1177	-1	1175
4	21766.6	50	2475	2476	1178	1177	-1	1178	-1	1176
4	21934.25	50	2476	2477	1179	1178	-1	1179	-1	1177
4	22103.6	50	2477	2478	1180	1179	-1	1180	-1	1178
4	22274.65	50	2478	2479	1181	1180	-1	1181	-1	1179
4	22447.4	50	2479	2480	1182	1181	-1	1182	-1	1180
4	22621.85	50	2480	2481	1183	1182	-1	1183	-1	1181
4	22798.05	50	2481	2482	1184	1183	-1	1184	-1	1182
4	22976.05	50	2482	2483	1185	1184	-1	1185	-1	1183
4	23155.8	50	2483	2484	1186	1185	-1	1186	-1	1184
4	23337.35	50	2484	2485	1187	1186	-1	1187	-1	1185
4	23520.75	50	2485	2486	1188	1187	-1	1188	-1	1186
4	23705.95	50	2486	2487	1189	1188	-1	1189	-1	1187
4	23893	50	2487	2488	1190	1189	-1	1190	-1	1188
4	24081.95	50	2488	2489	1191	1190	-1	1191	-1	1189
4	24272.75	50	2489	2490	1192	1191	-1	1192	-1	1190
4	24465.45	50	2490	2491	1193	1192	-1	1193	-1	1191
4	24660.15	50	2491	2492	1194	1193	-1	1194	-1	1192
4	24856.75	50	2492	2493	1195	1194	-1	1195	-1	1193
4	25055.3	50	2493	2494	1196	1195	-1	1196	-1	1194
4	25255.85	50	2494	2495	1197	1196	-1	1197	-1	1195
4	25458.4	50	2495	2496	1198	1197	-1	1198	-1	1196
4	25663	50	2496	2497	1199	1198	-1	1199	-1	1197
4	25869.65	50	2497	2498	1200	1199	-1	1200	-1	1198
4	26078.35	50	2498	2499	1201	1200	-1	1201	-1	1199
4	26289.1	50	2499	2500	1202	1201	-1	1202	-1	1200
4	26502	50	2500	2501	1203	1202	-1	1203	-1	1201
4	26717.05	50	2501	2502	1204	1203	-1	1204	-1	1202
4	26934.2	50	2502	2503	1205	1204	-1	1205	-1	1203
4	27153.55	50	2503	2504	1206	1205	-1	1206	-1	1204
4	27375.1	50	2504	2505	1207	1206	-1	1207	-1	1205
4	27598.85	50	2505	2506	1208	1207	-1	1208	-1	1206
4	27824.85	50	2506	2507	1209	1208	-1	1209	-1	1207
4	28053.1	50	2507	2508	1210	1209	-1	1210	-1	1208
4	28283.6	50	2508	2509	1211	1210	-1	1211	-1	1209
4	28516.4	50	2509	2510	1212	1211	-1	1212	-1	1210
4	28751.6	50	2510	2511	1213	1212	-1	1213	-1	1211
4	28989.15	50	2511	2512	1214	1213	-1	1214	-1	1212
4	29229	50	2512	2513	1215	1214	-1	1215	-1	1213
4	29471.25	50	2513	2514	1216	1215	-1	1216	-1	1214
4	29716	50	2514	2515	1217	1216	-1	1217	-1	1215
4	29963.2	50	2515	2516	1218	1217	-1	1218	-1	1216
4	30212.8	50	2516	2517	1219	1218	-1	1219	-1	1217
4	30464.9	50	2517	2518	1220	1219	-1	1220	-1	1218
4	30719.55	50	2518	2519	1221	1220	-1	1221	-1	1219
4	30976.75	50	2519	2520	1222	1221	-1	1222	-1	1220
4	31236.55	50	2520	2521	1223	1222	-1	1223	-1	1221
4	31498.9	50	2521	2522	1224	1223	-1	1224	-1	1222
4	31763.85	50	2522	2523	1225	1224	-1	1225	-1	1223
4	32031.5	50	2523	2524	1226	1225	-1	1226	-1	1224
4	32301.85	50	2524	2525	1227	1226	-1	1227	-1	1225
4	32574.9	50	2525	2526	1228	1227	-1	1228	-1	1226
4	32850.65	50	2526	2527	1229	1228	-1	1229	-1	1227
4	33129.15	50	2527	2528	1230	1229	-1	1230	-1	1228
4	33410.45	50	2528	2529	1231	1230	-1	1231	-1	1229
4	33694.55	50	2529	2530	1232	1231	-1	1232	-1	1230
4	33981.45	50	2530	2531	1233	1232	-1	1233	-1	1231
4	34271.25	50	2531	2532	1234	1233	-1	1234	-1	1232
4	34564	50	2532	2533	1235	1234	-1	1235	-1	1233
4	34859.65	50	2533	2534	1236	1235	-1	1236	-1	1234
4	35158.25	50	2534	2535	1237	1236	-1	1237	-1	1235
4	35459.8	50	2535	2536	1238	1237	-1	1238	-1	1236
4	35764.4	50	2536	2537	1239	1238	-1	1239	-1	1237
4	36072.05	50	2537	2538	1240	1239	-1	1240	-1	1238
4	36382.75	50	2538	2539	1241	1240	-1	1241	-1	1239
4	36696.6	50	2539	2540	1242	1241	-1	1242	-1	1240
4	37013.55	50	2540	2541	1243	1242	-1	1243	-1	1241
4	37333.7	50	2541	2542	1244	1243	-1	1244	-1	1242
4	37657.05	50	2542	2543	1245	1244	-1	1245	-1	1243
4	37983.6	50	2543	2544	1246	1245	-1	1246	-1	1244
4	38313.45	50	2544	2545	1247	1246	-1	1247	-1	1245
4	38646.6	50	2545	2546	1248	1247	-1	1248	-1	1246
4	38983.05	50	2546	2547	1249	1248	-1	1249	-1	1247
4	39322.85	50	2547	2548	1250	1249	-1	1250	-1	1248
4	39666.1	50	2548	2549	1251	1250	-1	1251	-1	1249
4	40012.8	50	2549	2550	1252	1251	-1	1252	-1	1250
4	40362.9	50	2550	2551	1253	1252	-1	1253	-1	1251
4	40716.5	50	2551	2552	1254	1253	-1	1254	-1	1252
4	41073.7	50	2552	2553	1255	1254	-1	1255	-1	1253
4	41434.45	50	2553	2554	1256	1255	-1	1256	-1	1254
4	41798.75	50	2554	2555	1257	1256	-1	1257	-1	1255
4	42166.75	50	2555	2556	1258	1257	-1	1258	-1	1256
4	42538.45	50	2556	2557	1259	1258	-1	1259	-1	1257
4	42913.8	50	2557	2558	1260	1259	-1	1260	-1	1258
4	43292.95	50	2558	2559	1261	1260	-1	1261	-1	1259
4	43675.9	50	2559	2560	1262	1261	-1	1262	-1	1260
4	44062.65	50	2560	2561	1263	1262	-1	1263	-1	1261
4	44453.25	50	2561	2562	1264	1263	-1	1264	-1	1262
4	44847.75	50	2562	2563	1265	1264	-1	1265	-1	1263
4	45246.25	50	2563	2564	1266	1265	-1	1266	-1	1264
4	45648.75	50	2564	2565	1267	1266	-1	1267	-1	1265
4	46055.25	50	2565	2566	1268	1267	-1	1268	-1	1266
4	46465.8	50	2566	2567	1269	1268	-1	1269	-1	1267
4	46880.45	50	2567	2568	1270	1269	-1	1270	-1	1268
4	47299.25	50	2568	2569	1271	1270	-1	1271	-1	1269
4	47722.25	50	2569	2570	1272	1271	-1	1272	-1	1270
4	48149.45	50	2570	2571	1273	1272	-1	1273	-1	1271
4	48580.95	50	2571	2572	1274	1273	-1	1274	-1	1272
4	49016.75	50	2572	2573	1275	1274	-1	1275	-1	1273
4	49456.9	50	2573	2574	1276	1275	-1	1276	-1	1274
4	49901.5	50	2574	2575	1277	1276	-1	1277	-1	1275
4	50350.5	50	2575	2576	1278	1277	-1	1278	-1	1276
4	50804	50	2576	2577	1279	1278	-1	1279	-1	1277
4	51262.05	50	2577	2578	1280	1279	-1	1280	-1	1278
4	51724.65	50	2578	2579	1281	1280	-1	1281	-1	1279
4	52191.9	50	2579	2580	1282	1281	-1	1282	-1	1280
4	52663.85	50	2580	2581	1283	1282	-1	1283	-1	1281
4	53140.5	50	2581	2582	1284	1283	-1	1284	-1	1282
4	53621.9	50	2582	2583	1285	1284	-1	1285	-1	1283
4	54108.1	50	2583	2584	1286	1285	-1	1286	-1	1284
4	54599.15	50	2584	2585	1287	1286	-1	1287	-1	1285
4	55095.15	50	2585	2586	1288	1287	-1	1288	-1	1286
4	55596.1	50	2586	2587	1289	1288	-1	1289	-1	1287
4	56102.05	50	2587	2588	1290	1289	-1	1290	-1	1288
4	56613.1	50	2588	2589	1291	1290	-1	1291	-1	1289
4	57129.25	50	2589	2590	1292	1291	-1	1292	-1	1290
4	57650.55	50	2590	2591	1293	1292	-1	1293	-1	1291
4	58177.05	50	2591	2592	1294	1293	-1	1294	-1	1292
4	58708.8	50	2592	2593	1295	1294	-1	1295	-1	1293
4	59245.9	50	2593	2594	1296	1295	-1	1296	-1	1294
4	59757.9	50	2594	2595	1297	1296	-1	-1	-1	1295
