0	1298	1	-1	0
1	1299	0	0	1
2	1300	0	1	2
3	1301	0	2	3
4	1302	0	3	4
5	1303	0	4	5
6	1304	0	5	6
7	1305	0	6	7
8	1306	0	7	8
9	1307	0	8	9
10	1308	0	9	10
11	1309	0	10	11
12	1310	0	11	12
13	1311	0	12	13
14	1312	0	13	14
15	1313	0	14	15
16	1314	0	15	16
17	1315	0	16	17
18	1316	0	17	18
19	1317	0	18	19
20	1318	0	19	20
21	1319	0	20	21
22	1320	0	21	22
23	1321	0	22	23
24	1322	0	23	24
25	1323	0	24	25
26	1324	0	25	26
27	1325	0	26	27
28	1326	0	27	28
29	1327	0	28	29
30	1328	0	29	30
31	1329	0	30	31
32	1330	0	31	32
33	1331	0	32	33
34	1332	0	33	34
35	1333	0	34	35
36	1334	0	35	36
37	1335	0	36	37
38	1336	0	37	38
39	1337	0	38	39
40	1338	0	39	40
41	1339	0	40	41
42	1340	0	41	42
43	1341	0	42	43
44	1342	0	43	44
45	1343	0	44	45
46	1344	0	45	46
47	1345	0	46	47
48	1346	0	47	48
49	1347	0	48	49
50	1348	0	49	50
51	1349	0	50	51
52	1350	0	51	52
53	1351	0	52	53
54	1352	0	53	54
55	1353	0	54	55
56	1354	0	55	56
57	1355	0	56	57
58	1356	0	57	58
59	1357	0	58	59
60	1358	0	59	60
61	1359	0	60	61
62	1360	0	61	62
63	1361	0	62	63
64	1362	0	63	64
65	1363	0	64	65
66	1364	0	65	66
67	1365	0	66	67
68	1366	0	67	68
69	1367	0	68	69
70	1368	0	69	70
71	1369	0	70	71
72	1370	0	71	72
73	1371	0	72	73
74	1372	0	73	74
75	1373	0	74	75
76	1374	0	75	76
77	1375	0	76	77
78	1376	0	77	78
79	1377	0	78	79
80	1378	0	79	80
81	1379	0	80	81
82	1380	0	81	82
83	1381	0	82	83
84	1382	0	83	84
85	1383	0	84	85
86	1384	0	85	86
87	1385	0	86	87
88	1386	0	87	88
89	1387	0	88	89
90	1388	0	89	90
91	1389	0	90	91
92	1390	0	91	92
93	1391	0	92	93
94	1392	0	93	94
95	1393	0	94	95
96	1394	0	95	96
97	1395	0	96	97
98	1396	0	97	98
99	1397	0	98	99
100	1398	0	99	100
101	1399	0	100	101
102	1400	0	101	102
103	1401	0	102	103
104	1402	0	103	104
105	1403	0	104	105
106	1404	0	105	106
107	1405	0	106	107
108	1406	0	107	108
109	1407	0	108	109
110	1408	0	109	110
111	1409	0	110	111
112	1410	0	111	112
113	1411	0	112	113
114	1412	0	113	114
115	1413	0	114	115
116	1414	0	115	116
117	1415	0	116	117
118	1416	0	117	118
119	1417	0	118	119
120	1418	0	119	120
121	1419	0	120	121
122	1420	0	121	122
123	1421	0	122	123
124	1422	0	123	124
125	1423	0	124	125
126	1424	0	125	126
127	1425	0	126	127
128	1426	0	127	128
129	1427	0	128	129
130	1428	0	129	130
131	1429	0	130	131
132	1430	0	131	132
133	1431	0	132	133
134	1432	0	133	134
135	1433	0	134	135
136	1434	0	135	136
137	1435	0	136	137
138	1436	0	137	138
139	1437	0	138	139
140	1438	0	139	140
141	1439	0	140	141
142	1440	0	141	142
143	1441	0	142	143
144	1442	0	143	144
145	1443	0	144	145
146	1444	0	145	146
147	1445	0	146	147
148	1446	0	147	148
149	1447	0	148	149
150	1448	0	149	150
151	1449	0	150	151
152	1450	0	151	152
153	1451	0	152	153
154	1452	0	153	154
155	1453	0	154	155
156	1454	0	155	156
157	1455	0	156	157
158	1456	0	157	158
159	1457	0	158	159
160	1458	0	159	160
161	1459	0	160	161
162	1460	0	161	162
163	1461	0	162	163
164	1462	0	163	164
165	1463	0	164	165
166	1464	0	165	166
167	1465	0	166	167
168	1466	0	167	168
169	1467	0	168	169
170	1468	0	169	170
171	1469	0	170	171
172	1470	0	171	172
173	1471	0	172	173
174	1472	0	173	174
175	1473	0	174	175
176	1474	0	175	176
177	1475	0	176	177
178	1476	0	177	178
179	1477	0	178	179
180	1478	0	179	180
181	1479	0	180	181
182	1480	0	181	182
183	1481	0	182	183
184	1482	0	183	184
185	1483	0	184	185
186	1484	0	185	186
187	1485	0	186	187
188	1486	0	187	188
189	1487	0	188	189
190	1488	0	189	190
191	1489	0	190	191
192	1490	0	191	192
193	1491	0	192	193
194	1492	0	193	194
195	1493	0	194	195
196	1494	0	195	196
197	1495	0	196	197
198	1496	0	197	198
199	1497	0	198	199
200	1498	0	199	200
201	1499	0	200	201
202	1500	0	201	202
203	1501	0	202	203
204	1502	0	203	204
205	1503	0	204	205
206	1504	0	205	206
207	1505	0	206	207
208	1506	0	207	208
209	1507	0	208	209
210	1508	0	209	210
211	1509	0	210	211
212	1510	0	211	212
213	1511	0	212	213
214	1512	0	213	214
215	1513	0	214	215
216	1514	0	215	216
217	1515	0	216	217
218	1516	0	217	218
219	1517	0	218	219
220	1518	0	219	220
221	1519	0	220	221
222	1520	0	221	222
223	1521	0	222	223
224	1522	0	223	224
225	1523	0	224	225
226	1524	0	225	226
227	1525	0	226	227
228	1526	0	227	228
229	1527	0	228	229
230	1528	0	229	230
231	1529	0	230	231
232	1530	0	231	232
233	1531	0	232	233
234	1532	0	233	234
235	1533	0	234	235
236	1534	0	235	236
237	1535	0	236	237
238	1536	0	237	238
239	1537	0	238	239
240	1538	0	239	240
241	1539	0	240	241
242	1540	0	241	242
243	1541	0	242	243
244	1542	0	243	244
245	1543	0	244	245
246	1544	0	245	246
247	1545	0	246	247
248	1546	0	247	248
249	1547	0	248	249
250	1548	0	249	250
251	1549	0	250	251
252	1550	0	251	252
253	1551	0	252	253
254	1552	0	253	254
255	1553	0	254	255
256	1554	0	255	256
257	1555	0	256	257
258	1556	0	257	258
259	1557	0	258	259
260	1558	0	259	260
261	1559	0	260	261
262	1560	0	261	262
263	1561	0	262	263
264	1562	0	263	264
265	1563	0	264	265
266	1564	0	265	266
267	1565	0	266	267
268	1566	0	267	268
269	1567	0	268	269
270	1568	0	269	270
271	1569	0	270	271
272	1570	0	271	272
273	1571	0	272	273
274	1572	0	273	274
275	1573	0	274	275
276	1574	0	275	276
277	1575	0	276	277
278	1576	0	277	278
279	1577	0	278	279
280	1578	0	279	280
281	1579	0	280	281
282	1580	0	281	282
283	1581	0	282	283
284	1582	0	283	284
285	1583	0	284	285
286	1584	0	285	286
287	1585	0	286	287
288	1586	0	287	288
289	1587	0	288	289
290	1588	0	289	290
291	1589	0	290	291
292	1590	0	291	292
293	1591	0	292	293
294	1592	0	293	294
295	1593	0	294	295
296	1594	0	295	296
297	1595	0	296	297
298	1596	0	297	298
299	1597	0	298	299
300	1598	0	299	300
301	1599	0	300	301
302	1600	0	301	302
303	1601	0	302	303
304	1602	0	303	304
305	1603	0	304	305
306	1604	0	305	306
307	1605	0	306	307
308	1606	0	307	308
309	1607	0	308	309
310	1608	0	309	310
311	1609	0	310	311
312	1610	0	311	312
313	1611	0	312	313
314	1612	0	313	314
315	1613	0	314	315
316	1614	0	315	316
317	1615	0	316	317
318	1616	0	317	318
319	1617	0	318	319
320	1618	0	319	320
321	1619	0	320	321
322	1620	0	321	322
323	1621	0	322	323
324	1622	0	323	324
325	1623	0	324	325
326	1624	0	325	326
327	1625	0	326	327
328	1626	0	327	328
329	1627	0	328	329
330	1628	0	329	330
331	1629	0	330	331
332	1630	0	331	332
333	1631	0	332	333
334	1632	0	333	334
335	1633	0	334	335
336	1634	0	335	336
337	1635	0	336	337
338	1636	0	337	338
339	1637	0	338	339
340	1638	0	339	340
341	1639	0	340	341
342	1640	0	341	342
343	1641	0	342	343
344	1642	0	343	344
345	1643	0	344	345
346	1644	0	345	346
347	1645	0	346	347
348	1646	0	347	348
349	1647	0	348	349
350	1648	0	349	350
351	1649	0	350	351
352	1650	0	351	352
353	1651	0	352	353
354	1652	0	353	354
355	1653	0	354	355
356	1654	0	355	356
357	1655	0	356	357
358	1656	0	357	358
359	1657	0	358	359
360	1658	0	359	360
361	1659	0	360	361
362	1660	0	361	362
363	1661	0	362	363
364	1662	0	363	364
365	1663	0	364	365
366	1664	0	365	366
367	1665	0	366	367
368	1666	0	367	368
369	1667	0	368	369
370	1668	0	369	370
371	1669	0	370	371
372	1670	0	371	372
373	1671	0	372	373
374	1672	0	373	374
375	1673	0	374	375
376	1674	0	375	376
377	1675	0	376	377
378	1676	0	377	378
379	1677	0	378	379
380	1678	0	379	380
381	1679	0	380	381
382	1680	0	381	382
383	1681	0	382	383
384	1682	0	383	384
385	1683	0	384	385
386	1684	0	385	386
387	1685	0	386	387
388	1686	0	387	388
389	1687	0	388	389
390	1688	0	389	390
391	1689	0	390	391
392	1690	0	391	392
393	1691	0	392	393
394	1692	0	393	394
395	1693	0	394	395
396	1694	0	395	396
397	1695	0	396	397
398	1696	0	397	398
399	1697	0	398	399
400	1698	0	399	400
401	1699	0	400	401
402	1700	0	401	402
403	1701	0	402	403
404	1702	0	403	404
405	1703	0	404	405
406	1704	0	405	406
407	1705	0	406	407
408	1706	0	407	408
409	1707	0	408	409
410	1708	0	409	410
411	1709	0	410	411
412	1710	0	411	412
413	1711	0	412	413
414	1712	0	413	414
415	1713	0	414	415
416	1714	0	415	416
417	1715	0	416	417
418	1716	0	417	418
419	1717	0	418	419
420	1718	0	419	420
421	1719	0	420	421
422	1720	0	421	422
423	1721	0	422	423
424	1722	0	423	424
425	1723	0	424	425
426	1724	0	425	426
427	1725	0	426	427
428	1726	0	427	428
429	1727	0	428	429
430	1728	0	429	430
431	1729	0	430	431
432	1730	0	431	432
433	1731	0	432	433
434	1732	0	433	434
435	1733	0	434	435
436	1734	0	435	436
437	1735	0	436	437
438	1736	0	437	438
439	1737	0	438	439
440	1738	0	439	440
441	1739	0	440	441
442	1740	0	441	442
443	1741	0	442	443
444	1742	0	443	444
445	1743	0	444	445
446	1744	0	445	446
447	1745	0	446	447
448	1746	0	447	448
449	1747	0	448	449
450	1748	0	449	450
451	1749	0	450	451
452	1750	0	451	452
453	1751	0	452	453
454	1752	0	453	454
455	1753	0	454	455
456	1754	0	455	456
457	1755	0	456	457
458	1756	0	457	458
459	1757	0	458	459
460	1758	0	459	460
461	1759	0	460	461
462	1760	0	461	462
463	1761	0	462	463
464	1762	0	463	464
465	1763	0	464	465
466	1764	0	465	466
467	1765	0	466	467
468	1766	0	467	468
469	1767	0	468	469
470	1768	0	469	470
471	1769	0	470	471
472	1770	0	471	472
473	1771	0	472	473
474	1772	0	473	474
475	1773	0	474	475
476	1774	0	475	476
477	1775	0	476	477
478	1776	0	477	478
479	1777	0	478	479
480	1778	0	479	480
481	1779	0	480	481
482	1780	0	481	482
483	1781	0	482	483
484	1782	0	483	484
485	1783	0	484	485
486	1784	0	485	486
487	1785	0	486	487
488	1786	0	487	488
489	1787	0	488	489
490	1788	0	489	490
491	1789	0	490	491
492	1790	0	491	492
493	1791	0	492	493
494	1792	0	493	494
495	1793	0	494	495
496	1794	0	495	496
497	1795	0	496	497
498	1796	0	497	498
499	1797	0	498	499
500	1798	0	499	500
501	1799	0	500	501
502	1800	0	501	502
503	1801	0	502	503
504	1802	0	503	504
505	1803	0	504	505
506	1804	0	505	506
507	1805	0	506	507
508	1806	0	507	508
509	1807	0	508	509
510	1808	0	509	510
511	1809	0	510	511
512	1810	0	511	512
513	1811	0	512	513
514	1812	0	513	514
515	1813	0	514	515
516	1814	0	515	516
517	1815	0	516	517
518	1816	0	517	518
519	1817	0	518	519
520	1818	0	519	520
521	1819	0	520	521
522	1820	0	521	522
523	1821	0	522	523
524	1822	0	523	524
525	1823	0	524	525
526	1824	0	525	526
527	1825	0	526	527
528	1826	0	527	528
529	1827	0	528	529
530	1828	0	529	530
531	1829	0	530	531
532	1830	0	531	532
533	1831	0	532	533
534	1832	0	533	534
535	1833	0	534	535
536	1834	0	535	536
537	1835	0	536	537
538	1836	0	537	538
539	1837	0	538	539
540	1838	0	539	540
541	1839	0	540	541
542	1840	0	541	542
543	1841	0	542	543
544	1842	0	543	544
545	1843	0	544	545
546	1844	0	545	546
547	1845	0	546	547
548	1846	0	547	548
549	1847	0	548	549
550	1848	0	549	550
551	1849	0	550	551
552	1850	0	551	552
553	1851	0	552	553
554	1852	0	553	554
555	1853	0	554	555
556	1854	0	555	556
557	1855	0	556	557
558	1856	0	557	558
559	1857	0	558	559
560	1858	0	559	560
561	1859	0	560	561
562	1860	0	561	562
563	1861	0	562	563
564	1862	0	563	564
565	1863	0	564	565
566	1864	0	565	566
567	1865	0	566	567
568	1866	0	567	568
569	1867	0	568	569
570	1868	0	569	570
571	1869	0	570	571
572	1870	0	571	572
573	1871	0	572	573
574	1872	0	573	574
575	1873	0	574	575
576	1874	0	575	576
577	1875	0	576	577
578	1876	0	577	578
579	1877	0	578	579
580	1878	0	579	580
581	1879	0	580	581
582	1880	0	581	582
583	1881	0	582	583
584	1882	0	583	584
585	1883	0	584	585
586	1884	0	585	586
587	1885	0	586	587
588	1886	0	587	588
589	1887	0	588	589
590	1888	0	589	590
591	1889	0	590	591
592	1890	0	591	592
593	1891	0	592	593
594	1892	0	593	594
595	1893	0	594	595
596	1894	0	595	596
597	1895	0	596	597
598	1896	0	597	598
599	1897	0	598	599
600	1898	0	599	600
601	1899	0	600	601
602	1900	0	601	602
603	1901	0	602	603
604	1902	0	603	604
605	1903	0	604	605
606	1904	0	605	606
607	1905	0	606	607
608	1906	0	607	608
609	1907	0	608	609
610	1908	0	609	610
611	1909	0	610	611
612	1910	0	611	612
613	1911	0	612	613
614	1912	0	613	614
615	1913	0	614	615
616	1914	0	615	616
617	1915	0	616	617
618	1916	0	617	618
619	1917	0	618	619
620	1918	0	619	620
621	1919	0	620	621
622	1920	0	621	622
623	1921	0	622	623
624	1922	0	623	624
625	1923	0	624	625
626	1924	0	625	626
627	1925	0	626	627
628	1926	0	627	628
629	1927	0	628	629
630	1928	0	629	630
631	1929	0	630	631
632	1930	0	631	632
633	1931	0	632	633
634	1932	0	633	634
635	1933	0	634	635
636	1934	0	635	636
637	1935	0	636	637
638	1936	0	637	638
639	1937	0	638	639
640	1938	0	639	640
641	1939	0	640	641
642	1940	0	641	642
643	1941	0	642	643
644	1942	0	643	644
645	1943	0	644	645
646	1944	0	645	646
647	1945	0	646	647
648	1946	0	647	648
649	1947	0	648	649
650	1948	0	649	650
651	1949	0	650	651
652	1950	0	651	652
653	1951	0	652	653
654	1952	0	653	654
655	1953	0	654	655
656	1954	0	655	656
657	1955	0	656	657
658	1956	0	657	658
659	1957	0	658	659
660	1958	0	659	660
661	1959	0	660	661
662	1960	0	661	662
663	1961	0	662	663
664	1962	0	663	664
665	1963	0	664	665
666	1964	0	665	666
667	1965	0	666	667
668	1966	0	667	668
669	1967	0	668	669
670	1968	0	669	670
671	1969	0	670	671
672	1970	0	671	672
673	1971	0	672	673
674	1972	0	673	674
675	1973	0	674	675
676	1974	0	675	676
677	1975	0	676	677
678	1976	0	677	678
679	1977	0	678	679
680	1978	0	679	680
681	1979	0	680	681
682	1980	0	681	682
683	1981	0	682	683
684	1982	0	683	684
685	1983	0	684	685
686	1984	0	685	686
687	1985	0	686	687
688	1986	0	687	688
689	1987	0	688	689
690	1988	0	689	690
691	1989	0	690	691
692	1990	0	691	692
693	1991	0	692	693
694	1992	0	693	694
695	1993	0	694	695
696	1994	0	695	696
697	1995	0	696	697
698	1996	0	697	698
699	1997	0	698	699
700	1998	0	699	700
701	1999	0	700	701
702	2000	0	701	702
703	2001	0	702	703
704	2002	0	703	704
705	2003	0	704	705
706	2004	0	705	706
707	2005	0	706	707
708	2006	0	707	708
709	2007	0	708	709
710	2008	0	709	710
711	2009	0	710	711
712	2010	0	711	712
713	2011	0	712	713
714	2012	0	713	714
715	2013	0	714	715
716	2014	0	715	716
717	2015	0	716	717
718	2016	0	717	718
719	2017	0	718	719
720	2018	0	719	720
721	2019	0	720	721
722	2020	0	721	722
723	2021	0	722	723
724	2022	0	723	724
725	2023	0	724	725
726	2024	0	725	726
727	2025	0	726	727
728	2026	0	727	728
729	2027	0	728	729
730	2028	0	729	730
731	2029	0	730	731
732	2030	0	731	732
733	2031	0	732	733
734	2032	0	733	734
735	2033	0	734	735
736	2034	0	735	736
737	2035	0	736	737
738	2036	0	737	738
739	2037	0	738	739
740	2038	0	739	740
741	2039	0	740	741
742	2040	0	741	742
743	2041	0	742	743
744	2042	0	743	744
745	2043	0	744	745
746	2044	0	745	746
747	2045	0	746	747
748	2046	0	747	748
749	2047	0	748	749
750	2048	0	749	750
751	2049	0	750	751
752	2050	0	751	752
753	2051	0	752	753
754	2052	0	753	754
755	2053	0	754	755
756	2054	0	755	756
757	2055	0	756	757
758	2056	0	757	758
759	2057	0	758	759
760	2058	0	759	760
761	2059	0	760	761
762	2060	0	761	762
763	2061	0	762	763
764	2062	0	763	764
765	2063	0	764	765
766	2064	0	765	766
767	2065	0	766	767
768	2066	0	767	768
769	2067	0	768	769
770	2068	0	769	770
771	2069	0	770	771
772	2070	0	771	772
773	2071	0	772	773
774	2072	0	773	774
775	2073	0	774	775
776	2074	0	775	776
777	2075	0	776	777
778	2076	0	777	778
779	2077	0	778	779
780	2078	0	779	780
781	2079	0	780	781
782	2080	0	781	782
783	2081	0	782	783
784	2082	0	783	784
785	2083	0	784	785
786	2084	0	785	786
787	2085	0	786	787
788	2086	0	787	788
789	2087	0	788	789
790	2088	0	789	790
791	2089	0	790	791
792	2090	0	791	792
793	2091	0	792	793
794	2092	0	793	794
795	2093	0	794	795
796	2094	0	795	796
797	2095	0	796	797
798	2096	0	797	798
799	2097	0	798	799
800	2098	0	799	800
801	2099	0	800	801
802	2100	0	801	802
803	2101	0	802	803
804	2102	0	803	804
805	2103	0	804	805
806	2104	0	805	806
807	2105	0	806	807
808	2106	0	807	808
809	2107	0	808	809
810	2108	0	809	810
811	2109	0	810	811
812	2110	0	811	812
813	2111	0	812	813
814	2112	0	813	814
815	2113	0	814	815
816	2114	0	815	816
817	2115	0	816	817
818	2116	0	817	818
819	2117	0	818	819
820	2118	0	819	820
821	2119	0	820	821
822	2120	0	821	822
823	2121	0	822	823
824	2122	0	823	824
825	2123	0	824	825
826	2124	0	825	826
827	2125	0	826	827
828	2126	0	827	828
829	2127	0	828	829
830	2128	0	829	830
831	2129	0	830	831
832	2130	0	831	832
833	2131	0	832	833
834	2132	0	833	834
835	2133	0	834	835
836	2134	0	835	836
837	2135	0	836	837
838	2136	0	837	838
839	2137	0	838	839
840	2138	0	839	840
841	2139	0	840	841
842	2140	0	841	842
843	2141	0	842	843
844	2142	0	843	844
845	2143	0	844	845
846	2144	0	845	846
847	2145	0	846	847
848	2146	0	847	848
849	2147	0	848	849
850	2148	0	849	850
851	2149	0	850	851
852	2150	0	851	852
853	2151	0	852	853
854	2152	0	853	854
855	2153	0	854	855
856	2154	0	855	856
857	2155	0	856	857
858	2156	0	857	858
859	2157	0	858	859
860	2158	0	859	860
861	2159	0	860	861
862	2160	0	861	862
863	2161	0	862	863
864	2162	0	863	864
865	2163	0	864	865
866	2164	0	865	866
867	2165	0	866	867
868	2166	0	867	868
869	2167	0	868	869
870	2168	0	869	870
871	2169	0	870	871
872	2170	0	871	872
873	2171	0	872	873
874	2172	0	873	874
875	2173	0	874	875
876	2174	0	875	876
877	2175	0	876	877
878	2176	0	877	878
879	2177	0	878	879
880	2178	0	879	880
881	2179	0	880	881
882	2180	0	881	882
883	2181	0	882	883
884	2182	0	883	884
885	2183	0	884	885
886	2184	0	885	886
887	2185	0	886	887
888	2186	0	887	888
889	2187	0	888	889
890	2188	0	889	890
891	2189	0	890	891
892	2190	0	891	892
893	2191	0	892	893
894	2192	0	893	894
895	2193	0	894	895
896	2194	0	895	896
897	2195	0	896	897
898	2196	0	897	898
899	2197	0	898	899
900	2198	0	899	900
901	2199	0	900	901
902	2200	0	901	902
903	2201	0	902	903
904	2202	0	903	904
905	2203	0	904	905
906	2204	0	905	906
907	2205	0	906	907
908	2206	0	907	908
909	2207	0	908	909
910	2208	0	909	910
911	2209	0	910	911
912	2210	0	911	912
913	2211	0	912	913
914	2212	0	913	914
915	2213	0	914	915
916	2214	0	915	916
917	2215	0	916	917
918	2216	0	917	918
919	2217	0	918	919
920	2218	0	919	920
921	2219	0	920	921
922	2220	0	921	922
923	2221	0	922	923
924	2222	0	923	924
925	2223	0	924	925
926	2224	0	925	926
927	2225	0	926	927
928	2226	0	927	928
929	2227	0	928	929
930	2228	0	929	930
931	2229	0	930	931
932	2230	0	931	932
933	2231	0	932	933
934	2232	0	933	934
935	2233	0	934	935
936	2234	0	935	936
937	2235	0	936	937
938	2236	0	937	938
939	2237	0	938	939
940	2238	0	939	940
941	2239	0	940	941
942	2240	0	941	942
943	2241	0	942	943
944	2242	0	943	944
945	2243	0	944	945
946	2244	0	945	946
947	2245	0	946	947
948	2246	0	947	948
949	2247	0	948	949
950	2248	0	949	950
951	2249	0	950	951
952	2250	0	951	952
953	2251	0	952	953
954	2252	0	953	954
955	2253	0	954	955
956	2254	0	955	956
957	2255	0	956	957
958	2256	0	957	958
959	2257	0	958	959
960	2258	0	959	960
961	2259	0	960	961
962	2260	0	961	962
963	2261	0	962	963
964	2262	0	963	964
965	2263	0	964	965
966	2264	0	965	966
967	2265	0	966	967
968	2266	0	967	968
969	2267	0	968	969
970	2268	0	969	970
971	2269	0	970	971
972	2270	0	971	972
973	2271	0	972	973
974	2272	0	973	974
975	2273	0	974	975
976	2274	0	975	976
977	2275	0	976	977
978	2276	0	977	978
979	2277	0	978	979
980	2278	0	979	980
981	2279	0	980	981
982	2280	0	981	982
983	2281	0	982	983
984	2282	0	983	984
985	2283	0	984	985
986	2284	0	985	986
987	2285	0	986	987
988	2286	0	987	988
989	2287	0	988	989
990	2288	0	989	990
991	2289	0	990	991
992	2290	0	991	992
993	2291	0	992	993
994	2292	0	993	994
995	2293	0	994	995
996	2294	0	995	996
997	2295	0	996	997
998	2296	0	997	998
999	2297	0	998	999
1000	2298	0	999	1000
1001	2299	0	1000	1001
1002	2300	0	1001	1002
1003	2301	0	1002	1003
1004	2302	0	1003	1004
1005	2303	0	1004	1005
1006	2304	0	1005	1006
1007	2305	0	1006	1007
1008	2306	0	1007	1008
1009	2307	0	1008	1009
1010	2308	0	1009	1010
1011	2309	0	1010	1011
1012	2310	0	1011	1012
1013	2311	0	1012	1013
1014	2312	0	1013	1014
1015	2313	0	1014	1015
1016	2314	0	1015	1016
1017	2315	0	1016	1017
1018	2316	0	1017	1018
1019	2317	0	1018	1019
1020	2318	0	1019	1020
1021	2319	0	1020	1021
1022	2320	0	1021	1022
1023	2321	0	1022	1023
1024	2322	0	1023	1024
1025	2323	0	1024	1025
1026	2324	0	1025	1026
1027	2325	0	1026	1027
1028	2326	0	1027	1028
1029	2327	0	1028	1029
1030	2328	0	1029	1030
1031	2329	0	1030	1031
1032	2330	0	1031	1032
1033	2331	0	1032	1033
1034	2332	0	1033	1034
1035	2333	0	1034	1035
1036	2334	0	1035	1036
1037	2335	0	1036	1037
1038	2336	0	1037	1038
1039	2337	0	1038	1039
1040	2338	0	1039	1040
1041	2339	0	1040	1041
1042	2340	0	1041	1042
1043	2341	0	1042	1043
1044	2342	0	1043	1044
1045	2343	0	1044	1045
1046	2344	0	1045	1046
1047	2345	0	1046	1047
1048	2346	0	1047	1048
1049	2347	0	1048	1049
1050	2348	0	1049	1050
1051	2349	0	1050	1051
1052	2350	0	1051	1052
1053	2351	0	1052	1053
1054	2352	0	1053	1054
1055	2353	0	1054	1055
1056	2354	0	1055	1056
1057	2355	0	1056	1057
1058	2356	0	1057	1058
1059	2357	0	1058	1059
1060	2358	0	1059	1060
1061	2359	0	1060	1061
1062	2360	0	1061	1062
1063	2361	0	1062	1063
1064	2362	0	1063	1064
1065	2363	0	1064	1065
1066	2364	0	1065	1066
1067	2365	0	1066	1067
1068	2366	0	1067	1068
1069	2367	0	1068	1069
1070	2368	0	1069	1070
1071	2369	0	1070	1071
1072	2370	0	1071	1072
1073	2371	0	1072	1073
1074	2372	0	1073	1074
1075	2373	0	1074	1075
1076	2374	0	1075	1076
1077	2375	0	1076	1077
1078	2376	0	1077	1078
1079	2377	0	1078	1079
1080	2378	0	1079	1080
1081	2379	0	1080	1081
1082	2380	0	1081	1082
1083	2381	0	1082	1083
1084	2382	0	1083	1084
1085	2383	0	1084	1085
1086	2384	0	1085	1086
1087	2385	0	1086	1087
1088	2386	0	1087	1088
1089	2387	0	1088	1089
1090	2388	0	1089	1090
1091	2389	0	1090	1091
1092	2390	0	1091	1092
1093	2391	0	1092	1093
1094	2392	0	1093	1094
1095	2393	0	1094	1095
1096	2394	0	1095	1096
1097	2395	0	1096	1097
1098	2396	0	1097	1098
1099	2397	0	1098	1099
1100	2398	0	1099	1100
1101	2399	0	1100	1101
1102	2400	0	1101	1102
1103	2401	0	1102	1103
1104	2402	0	1103	1104
1105	2403	0	1104	1105
1106	2404	0	1105	1106
1107	2405	0	1106	1107
1108	2406	0	1107	1108
1109	2407	0	1108	1109
1110	2408	0	1109	1110
1111	2409	0	1110	1111
1112	2410	0	1111	1112
1113	2411	0	1112	1113
1114	2412	0	1113	1114
1115	2413	0	1114	1115
1116	2414	0	1115	1116
1117	2415	0	1116	1117
1118	2416	0	1117	1118
1119	2417	0	1118	1119
1120	2418	0	1119	1120
1121	2419	0	1120	1121
1122	2420	0	1121	1122
1123	2421	0	1122	1123
1124	2422	0	1123	1124
1125	2423	0	1124	1125
1126	2424	0	1125	1126
1127	2425	0	1126	1127
1128	2426	0	1127	1128
1129	2427	0	1128	1129
1130	2428	0	1129	1130
1131	2429	0	1130	1131
1132	2430	0	1131	1132
1133	2431	0	1132	1133
1134	2432	0	1133	1134
1135	2433	0	1134	1135
1136	2434	0	1135	1136
1137	2435	0	1136	1137
1138	2436	0	1137	1138
1139	2437	0	1138	1139
1140	2438	0	1139	1140
1141	2439	0	1140	1141
1142	2440	0	1141	1142
1143	2441	0	1142	1143
1144	2442	0	1143	1144
1145	2443	0	1144	1145
1146	2444	0	1145	1146
1147	2445	0	1146	1147
1148	2446	0	1147	1148
1149	2447	0	1148	1149
1150	2448	0	1149	1150
1151	2449	0	1150	1151
1152	2450	0	1151	1152
1153	2451	0	1152	1153
1154	2452	0	1153	1154
1155	2453	0	1154	1155
1156	2454	0	1155	1156
1157	2455	0	1156	1157
1158	2456	0	1157	1158
1159	2457	0	1158	1159
1160	2458	0	1159	1160
1161	2459	0	1160	1161
1162	2460	0	1161	1162
1163	2461	0	1162	1163
1164	2462	0	1163	1164
1165	2463	0	1164	1165
1166	2464	0	1165	1166
1167	2465	0	1166	1167
1168	2466	0	1167	1168
1169	2467	0	1168	1169
1170	2468	0	1169	1170
1171	2469	0	1170	1171
1172	2470	0	1171	1172
1173	2471	0	1172	1173
1174	2472	0	1173	1174
1175	2473	0	1174	1175
1176	2474	0	1175	1176
1177	2475	0	1176	1177
1178	2476	0	1177	1178
1179	2477	0	1178	1179
1180	2478	0	1179	1180
1181	2479	0	1180	1181
1182	2480	0	1181	1182
1183	2481	0	1182	1183
1184	2482	0	1183	1184
1185	2483	0	1184	1185
1186	2484	0	1185	1186
1187	2485	0	1186	1187
1188	2486	0	1187	1188
1189	2487	0	1188	1189
1190	2488	0	1189	1190
1191	2489	0	1190	1191
1192	2490	0	1191	1192
1193	2491	0	1192	1193
1194	2492	0	1193	1194
1195	2493	0	1194	1195
1196	2494	0	1195	1196
1197	2495	0	1196	1197
1198	2496	0	1197	1198
1199	2497	0	1198	1199
1200	2498	0	1199	1200
1201	2499	0	1200	1201
1202	2500	0	1201	1202
1203	2501	0	1202	1203
1204	2502	0	1203	1204
1205	2503	0	1204	1205
1206	2504	0	1205	1206
1207	2505	0	1206	1207
1208	2506	0	1207	1208
1209	2507	0	1208	1209
1210	2508	0	1209	1210
1211	2509	0	1210	1211
1212	2510	0	1211	1212
1213	2511	0	1212	1213
1214	2512	0	1213	1214
1215	2513	0	1214	1215
1216	2514	0	1215	1216
1217	2515	0	1216	1217
1218	2516	0	1217	1218
1219	2517	0	1218	1219
1220	2518	0	1219	1220
1221	2519	0	1220	1221
1222	2520	0	1221	1222
1223	2521	0	1222	1223
1224	2522	0	1223	1224
1225	2523	0	1224	1225
1226	2524	0	1225	1226
1227	2525	0	1226	1227
1228	2526	0	1227	1228
1229	2527	0	1228	1229
1230	2528	0	1229	1230
1231	2529	0	1230	1231
1232	2530	0	1231	1232
1233	2531	0	1232	1233
1234	2532	0	1233	1234
1235	2533	0	1234	1235
1236	2534	0	1235	1236
1237	2535	0	1236	1237
1238	2536	0	1237	1238
1239	2537	0	1238	1239
1240	2538	0	1239	1240
1241	2539	0	1240	1241
1242	2540	0	1241	1242
1243	2541	0	1242	1243
1244	2542	0	1243	1244
1245	2543	0	1244	1245
1246	2544	0	1245	1246
1247	2545	0	1246	1247
1248	2546	0	1247	1248
1249	2547	0	1248	1249
1250	2548	0	1249	1250
1251	2549	0	1250	1251
1252	2550	0	1251	1252
1253	2551	0	1252	1253
1254	2552	0	1253	1254
1255	2553	0	1254	1255
1256	2554	0	1255	1256
1257	2555	0	1256	1257
1258	2556	0	1257	1258
1259	2557	0	1258	1259
1260	2558	0	1259	1260
1261	2559	0	1260	1261
1262	2560	0	1261	1262
1263	2561	0	1262	1263
1264	2562	0	1263	1264
1265	2563	0	1264	1265
1266	2564	0	1265	1266
1267	2565	0	1266	1267
1268	2566	0	1267	1268
1269	2567	0	1268	1269
1270	2568	0	1269	1270
1271	2569	0	1270	1271
1272	2570	0	1271	1272
1273	2571	0	1272	1273
1274	2572	0	1273	1274
1275	2573	0	1274	1275
1276	2574	0	1275	1276
1277	2575	0	1276	1277
1278	2576	0	1277	1278
1279	2577	0	1278	1279
1280	2578	0	1279	1280
1281	2579	0	1280	1281
1282	2580	0	1281	1282
1283	2581	0	1282	1283
1284	2582	0	1283	1284
1285	2583	0	1284	1285
1286	2584	0	1285	1286
1287	2585	0	1286	1287
1288	2586	0	1287	1288
1289	2587	0	1288	1289
1290	2588	0	1289	1290
1291	2589	0	1290	1291
1292	2590	0	1291	1292
1293	2591	0	1292	1293
1294	2592	0	1293	1294
1295	2593	0	1294	1295
1296	2594	0	1295	1296
1297	2595	2	1296	-1
1	0	1	-1	0
2	1	1	-1	1
3	2	1	-1	2
4	3	1	-1	3
5	4	1	-1	4
6	5	1	-1	5
7	6	1	-1	6
8	7	1	-1	7
9	8	1	-1	8
10	9	1	-1	9
11	10	1	-1	10
12	11	1	-1	11
13	12	1	-1	12
14	13	1	-1	13
15	14	1	-1	14
16	15	1	-1	15
17	16	1	-1	16
18	17	1	-1	17
19	18	1	-1	18
20	19	1	-1	19
21	20	1	-1	20
22	21	1	-1	21
23	22	1	-1	22
24	23	1	-1	23
25	24	1	-1	24
26	25	1	-1	25
27	26	1	-1	26
28	27	1	-1	27
29	28	1	-1	28
30	29	1	-1	29
31	30	1	-1	30
32	31	1	-1	31
33	32	1	-1	32
34	33	1	-1	33
35	34	1	-1	34
36	35	1	-1	35
37	36	1	-1	36
38	37	1	-1	37
39	38	1	-1	38
40	39	1	-1	39
41	40	1	-1	40
42	41	1	-1	41
43	42	1	-1	42
44	43	1	-1	43
45	44	1	-1	44
46	45	1	-1	45
47	46	1	-1	46
48	47	1	-1	47
49	48	1	-1	48
50	49	1	-1	49
51	50	1	-1	50
52	51	1	-1	51
53	52	1	-1	52
54	53	1	-1	53
55	54	1	-1	54
56	55	1	-1	55
57	56	1	-1	56
58	57	1	-1	57
59	58	1	-1	58
60	59	1	-1	59
61	60	1	-1	60
62	61	1	-1	61
63	62	1	-1	62
64	63	1	-1	63
65	64	1	-1	64
66	65	1	-1	65
67	66	1	-1	66
68	67	1	-1	67
69	68	1	-1	68
70	69	1	-1	69
71	70	1	-1	70
72	71	1	-1	71
73	72	1	-1	72
74	73	1	-1	73
75	74	1	-1	74
76	75	1	-1	75
77	76	1	-1	76
78	77	1	-1	77
79	78	1	-1	78
80	79	1	-1	79
81	80	1	-1	80
82	81	1	-1	81
83	82	1	-1	82
84	83	1	-1	83
85	84	1	-1	84
86	85	1	-1	85
87	86	1	-1	86
88	87	1	-1	87
89	88	1	-1	88
90	89	1	-1	89
91	90	1	-1	90
92	91	1	-1	91
93	92	1	-1	92
94	93	1	-1	93
95	94	1	-1	94
96	95	1	-1	95
97	96	1	-1	96
98	97	1	-1	97
99	98	1	-1	98
100	99	1	-1	99
101	100	1	-1	100
102	101	1	-1	101
103	102	1	-1	102
104	103	1	-1	103
105	104	1	-1	104
106	105	1	-1	105
107	106	1	-1	106
108	107	1	-1	107
109	108	1	-1	108
110	109	1	-1	109
111	110	1	-1	110
112	111	1	-1	111
113	112	1	-1	112
114	113	1	-1	113
115	114	1	-1	114
116	115	1	-1	115
117	116	1	-1	116
118	117	1	-1	117
119	118	1	-1	118
120	119	1	-1	119
121	120	1	-1	120
122	121	1	-1	121
123	122	1	-1	122
124	123	1	-1	123
125	124	1	-1	124
126	125	1	-1	125
127	126	1	-1	126
128	127	1	-1	127
129	128	1	-1	128
130	129	1	-1	129
131	130	1	-1	130
132	131	1	-1	131
133	132	1	-1	132
134	133	1	-1	133
135	134	1	-1	134
136	135	1	-1	135
137	136	1	-1	136
138	137	1	-1	137
139	138	1	-1	138
140	139	1	-1	139
141	140	1	-1	140
142	141	1	-1	141
143	142	1	-1	142
144	143	1	-1	143
145	144	1	-1	144
146	145	1	-1	145
147	146	1	-1	146
148	147	1	-1	147
149	148	1	-1	148
150	149	1	-1	149
151	150	1	-1	150
152	151	1	-1	151
153	152	1	-1	152
154	153	1	-1	153
155	154	1	-1	154
156	155	1	-1	155
157	156	1	-1	156
158	157	1	-1	157
159	158	1	-1	158
160	159	1	-1	159
161	160	1	-1	160
162	161	1	-1	161
163	162	1	-1	162
164	163	1	-1	163
165	164	1	-1	164
166	165	1	-1	165
167	166	1	-1	166
168	167	1	-1	167
169	168	1	-1	168
170	169	1	-1	169
171	170	1	-1	170
172	171	1	-1	171
173	172	1	-1	172
174	173	1	-1	173
175	174	1	-1	174
176	175	1	-1	175
177	176	1	-1	176
178	177	1	-1	177
179	178	1	-1	178
180	179	1	-1	179
181	180	1	-1	180
182	181	1	-1	181
183	182	1	-1	182
184	183	1	-1	183
185	184	1	-1	184
186	185	1	-1	185
187	186	1	-1	186
188	187	1	-1	187
189	188	1	-1	188
190	189	1	-1	189
191	190	1	-1	190
192	191	1	-1	191
193	192	1	-1	192
194	193	1	-1	193
195	194	1	-1	194
196	195	1	-1	195
197	196	1	-1	196
198	197	1	-1	197
199	198	1	-1	198
200	199	1	-1	199
201	200	1	-1	200
202	201	1	-1	201
203	202	1	-1	202
204	203	1	-1	203
205	204	1	-1	204
206	205	1	-1	205
207	206	1	-1	206
208	207	1	-1	207
209	208	1	-1	208
210	209	1	-1	209
211	210	1	-1	210
212	211	1	-1	211
213	212	1	-1	212
214	213	1	-1	213
215	214	1	-1	214
216	215	1	-1	215
217	216	1	-1	216
218	217	1	-1	217
219	218	1	-1	218
220	219	1	-1	219
221	220	1	-1	220
222	221	1	-1	221
223	222	1	-1	222
224	223	1	-1	223
225	224	1	-1	224
226	225	1	-1	225
227	226	1	-1	226
228	227	1	-1	227
229	228	1	-1	228
230	229	1	-1	229
231	230	1	-1	230
232	231	1	-1	231
233	232	1	-1	232
234	233	1	-1	233
235	234	1	-1	234
236	235	1	-1	235
237	236	1	-1	236
238	237	1	-1	237
239	238	1	-1	238
240	239	1	-1	239
241	240	1	-1	240
242	241	1	-1	241
243	242	1	-1	242
244	243	1	-1	243
245	244	1	-1	244
246	245	1	-1	245
247	246	1	-1	246
248	247	1	-1	247
249	248	1	-1	248
250	249	1	-1	249
251	250	1	-1	250
252	251	1	-1	251
253	252	1	-1	252
254	253	1	-1	253
255	254	1	-1	254
256	255	1	-1	255
257	256	1	-1	256
258	257	1	-1	257
259	258	1	-1	258
260	259	1	-1	259
261	260	1	-1	260
262	261	1	-1	261
263	262	1	-1	262
264	263	1	-1	263
265	264	1	-1	264
266	265	1	-1	265
267	266	1	-1	266
268	267	1	-1	267
269	268	1	-1	268
270	269	1	-1	269
271	270	1	-1	270
272	271	1	-1	271
273	272	1	-1	272
274	273	1	-1	273
275	274	1	-1	274
276	275	1	-1	275
277	276	1	-1	276
278	277	1	-1	277
279	278	1	-1	278
280	279	1	-1	279
281	280	1	-1	280
282	281	1	-1	281
283	282	1	-1	282
284	283	1	-1	283
285	284	1	-1	284
286	285	1	-1	285
287	286	1	-1	286
288	287	1	-1	287
289	288	1	-1	288
290	289	1	-1	289
291	290	1	-1	290
292	291	1	-1	291
293	292	1	-1	292
294	293	1	-1	293
295	294	1	-1	294
296	295	1	-1	295
297	296	1	-1	296
298	297	1	-1	297
299	298	1	-1	298
300	299	1	-1	299
301	300	1	-1	300
302	301	1	-1	301
303	302	1	-1	302
304	303	1	-1	303
305	304	1	-1	304
306	305	1	-1	305
307	306	1	-1	306
308	307	1	-1	307
309	308	1	-1	308
310	309	1	-1	309
311	310	1	-1	310
312	311	1	-1	311
313	312	1	-1	312
314	313	1	-1	313
315	314	1	-1	314
316	315	1	-1	315
317	316	1	-1	316
318	317	1	-1	317
319	318	1	-1	318
320	319	1	-1	319
321	320	1	-1	320
322	321	1	-1	321
323	322	1	-1	322
324	323	1	-1	323
325	324	1	-1	324
326	325	1	-1	325
327	326	1	-1	326
328	327	1	-1	327
329	328	1	-1	328
330	329	1	-1	329
331	330	1	-1	330
332	331	1	-1	331
333	332	1	-1	332
334	333	1	-1	333
335	334	1	-1	334
336	335	1	-1	335
337	336	1	-1	336
338	337	1	-1	337
339	338	1	-1	338
340	339	1	-1	339
341	340	1	-1	340
342	341	1	-1	341
343	342	1	-1	342
344	343	1	-1	343
345	344	1	-1	344
346	345	1	-1	345
347	346	1	-1	346
348	347	1	-1	347
349	348	1	-1	348
350	349	1	-1	349
351	350	1	-1	350
352	351	1	-1	351
353	352	1	-1	352
354	353	1	-1	353
355	354	1	-1	354
356	355	1	-1	355
357	356	1	-1	356
358	357	1	-1	357
359	358	1	-1	358
360	359	1	-1	359
361	360	1	-1	360
362	361	1	-1	361
363	362	1	-1	362
364	363	1	-1	363
365	364	1	-1	364
366	365	1	-1	365
367	366	1	-1	366
368	367	1	-1	367
369	368	1	-1	368
370	369	1	-1	369
371	370	1	-1	370
372	371	1	-1	371
373	372	1	-1	372
374	373	1	-1	373
375	374	1	-1	374
376	375	1	-1	375
377	376	1	-1	376
378	377	1	-1	377
379	378	1	-1	378
380	379	1	-1	379
381	380	1	-1	380
382	381	1	-1	381
383	382	1	-1	382
384	383	1	-1	383
385	384	1	-1	384
386	385	1	-1	385
387	386	1	-1	386
388	387	1	-1	387
389	388	1	-1	388
390	389	1	-1	389
391	390	1	-1	390
392	391	1	-1	391
393	392	1	-1	392
394	393	1	-1	393
395	394	1	-1	394
396	395	1	-1	395
397	396	1	-1	396
398	397	1	-1	397
399	398	1	-1	398
400	399	1	-1	399
401	400	1	-1	400
402	401	1	-1	401
403	402	1	-1	402
404	403	1	-1	403
405	404	1	-1	404
406	405	1	-1	405
407	406	1	-1	406
408	407	1	-1	407
409	408	1	-1	408
410	409	1	-1	409
411	410	1	-1	410
412	411	1	-1	411
413	412	1	-1	412
414	413	1	-1	413
415	414	1	-1	414
416	415	1	-1	415
417	416	1	-1	416
418	417	1	-1	417
419	418	1	-1	418
420	419	1	-1	419
421	420	1	-1	420
422	421	1	-1	421
423	422	1	-1	422
424	423	1	-1	423
425	424	1	-1	424
426	425	1	-1	425
427	426	1	-1	426
428	427	1	-1	427
429	428	1	-1	428
430	429	1	-1	429
431	430	1	-1	430
432	431	1	-1	431
433	432	1	-1	432
434	433	1	-1	433
435	434	1	-1	434
436	435	1	-1	435
437	436	1	-1	436
438	437	1	-1	437
439	438	1	-1	438
440	439	1	-1	439
441	440	1	-1	440
442	441	1	-1	441
443	442	1	-1	442
444	443	1	-1	443
445	444	1	-1	444
446	445	1	-1	445
447	446	1	-1	446
448	447	1	-1	447
449	448	1	-1	448
450	449	1	-1	449
451	450	1	-1	450
452	451	1	-1	451
453	452	1	-1	452
454	453	1	-1	453
455	454	1	-1	454
456	455	1	-1	455
457	456	1	-1	456
458	457	1	-1	457
459	458	1	-1	458
460	459	1	-1	459
461	460	1	-1	460
462	461	1	-1	461
463	462	1	-1	462
464	463	1	-1	463
465	464	1	-1	464
466	465	1	-1	465
467	466	1	-1	466
468	467	1	-1	467
469	468	1	-1	468
470	469	1	-1	469
471	470	1	-1	470
472	471	1	-1	471
473	472	1	-1	472
474	473	1	-1	473
475	474	1	-1	474
476	475	1	-1	475
477	476	1	-1	476
478	477	1	-1	477
479	478	1	-1	478
480	479	1	-1	479
481	480	1	-1	480
482	481	1	-1	481
483	482	1	-1	482
484	483	1	-1	483
485	484	1	-1	484
486	485	1	-1	485
487	486	1	-1	486
488	487	1	-1	487
489	488	1	-1	488
490	489	1	-1	489
491	490	1	-1	490
492	491	1	-1	491
493	492	1	-1	492
494	493	1	-1	493
495	494	1	-1	494
496	495	1	-1	495
497	496	1	-1	496
498	497	1	-1	497
499	498	1	-1	498
500	499	1	-1	499
501	500	1	-1	500
502	501	1	-1	501
503	502	1	-1	502
504	503	1	-1	503
505	504	1	-1	504
506	505	1	-1	505
507	506	1	-1	506
508	507	1	-1	507
509	508	1	-1	508
510	509	1	-1	509
511	510	1	-1	510
512	511	1	-1	511
513	512	1	-1	512
514	513	1	-1	513
515	514	1	-1	514
516	515	1	-1	515
517	516	1	-1	516
518	517	1	-1	517
519	518	1	-1	518
520	519	1	-1	519
521	520	1	-1	520
522	521	1	-1	521
523	522	1	-1	522
524	523	1	-1	523
525	524	1	-1	524
526	525	1	-1	525
527	526	1	-1	526
528	527	1	-1	527
529	528	1	-1	528
530	529	1	-1	529
531	530	1	-1	530
532	531	1	-1	531
533	532	1	-1	532
534	533	1	-1	533
535	534	1	-1	534
536	535	1	-1	535
537	536	1	-1	536
538	537	1	-1	537
539	538	1	-1	538
540	539	1	-1	539
541	540	1	-1	540
542	541	1	-1	541
543	542	1	-1	542
544	543	1	-1	543
545	544	1	-1	544
546	545	1	-1	545
547	546	1	-1	546
548	547	1	-1	547
549	548	1	-1	548
550	549	1	-1	549
551	550	1	-1	550
552	551	1	-1	551
553	552	1	-1	552
554	553	1	-1	553
555	554	1	-1	554
556	555	1	-1	555
557	556	1	-1	556
558	557	1	-1	557
559	558	1	-1	558
560	559	1	-1	559
561	560	1	-1	560
562	561	1	-1	561
563	562	1	-1	562
564	563	1	-1	563
565	564	1	-1	564
566	565	1	-1	565
567	566	1	-1	566
568	567	1	-1	567
569	568	1	-1	568
570	569	1	-1	569
571	570	1	-1	570
572	571	1	-1	571
573	572	1	-1	572
574	573	1	-1	573
575	574	1	-1	574
576	575	1	-1	575
577	576	1	-1	576
578	577	1	-1	577
579	578	1	-1	578
580	579	1	-1	579
581	580	1	-1	580
582	581	1	-1	581
583	582	1	-1	582
584	583	1	-1	583
585	584	1	-1	584
586	585	1	-1	585
587	586	1	-1	586
588	587	1	-1	587
589	588	1	-1	588
590	589	1	-1	589
591	590	1	-1	590
592	591	1	-1	591
593	592	1	-1	592
594	593	1	-1	593
595	594	1	-1	594
596	595	1	-1	595
597	596	1	-1	596
598	597	1	-1	597
599	598	1	-1	598
600	599	1	-1	599
601	600	1	-1	600
602	601	1	-1	601
603	602	1	-1	602
604	603	1	-1	603
605	604	1	-1	604
606	605	1	-1	605
607	606	1	-1	606
608	607	1	-1	607
609	608	1	-1	608
610	609	1	-1	609
611	610	1	-1	610
612	611	1	-1	611
613	612	1	-1	612
614	613	1	-1	613
615	614	1	-1	614
616	615	1	-1	615
617	616	1	-1	616
618	617	1	-1	617
619	618	1	-1	618
620	619	1	-1	619
621	620	1	-1	620
622	621	1	-1	621
623	622	1	-1	622
624	623	1	-1	623
625	624	1	-1	624
626	625	1	-1	625
627	626	1	-1	626
628	627	1	-1	627
629	628	1	-1	628
630	629	1	-1	629
631	630	1	-1	630
632	631	1	-1	631
633	632	1	-1	632
634	633	1	-1	633
635	634	1	-1	634
636	635	1	-1	635
637	636	1	-1	636
638	637	1	-1	637
639	638	1	-1	638
640	639	1	-1	639
641	640	1	-1	640
642	641	1	-1	641
643	642	1	-1	642
644	643	1	-1	643
645	644	1	-1	644
646	645	1	-1	645
647	646	1	-1	646
648	647	1	-1	647
649	648	1	-1	648
650	649	1	-1	649
651	650	1	-1	650
652	651	1	-1	651
653	652	1	-1	652
654	653	1	-1	653
655	654	1	-1	654
656	655	1	-1	655
657	656	1	-1	656
658	657	1	-1	657
659	658	1	-1	658
660	659	1	-1	659
661	660	1	-1	660
662	661	1	-1	661
663	662	1	-1	662
664	663	1	-1	663
665	664	1	-1	664
666	665	1	-1	665
667	666	1	-1	666
668	667	1	-1	667
669	668	1	-1	668
670	669	1	-1	669
671	670	1	-1	670
672	671	1	-1	671
673	672	1	-1	672
674	673	1	-1	673
675	674	1	-1	674
676	675	1	-1	675
677	676	1	-1	676
678	677	1	-1	677
679	678	1	-1	678
680	679	1	-1	679
681	680	1	-1	680
682	681	1	-1	681
683	682	1	-1	682
684	683	1	-1	683
685	684	1	-1	684
686	685	1	-1	685
687	686	1	-1	686
688	687	1	-1	687
689	688	1	-1	688
690	689	1	-1	689
691	690	1	-1	690
692	691	1	-1	691
693	692	1	-1	692
694	693	1	-1	693
695	694	1	-1	694
696	695	1	-1	695
697	696	1	-1	696
698	697	1	-1	697
699	698	1	-1	698
700	699	1	-1	699
701	700	1	-1	700
702	701	1	-1	701
703	702	1	-1	702
704	703	1	-1	703
705	704	1	-1	704
706	705	1	-1	705
707	706	1	-1	706
708	707	1	-1	707
709	708	1	-1	708
710	709	1	-1	709
711	710	1	-1	710
712	711	1	-1	711
713	712	1	-1	712
714	713	1	-1	713
715	714	1	-1	714
716	715	1	-1	715
717	716	1	-1	716
718	717	1	-1	717
719	718	1	-1	718
720	719	1	-1	719
721	720	1	-1	720
722	721	1	-1	721
723	722	1	-1	722
724	723	1	-1	723
725	724	1	-1	724
726	725	1	-1	725
727	726	1	-1	726
728	727	1	-1	727
729	728	1	-1	728
730	729	1	-1	729
731	730	1	-1	730
732	731	1	-1	731
733	732	1	-1	732
734	733	1	-1	733
735	734	1	-1	734
736	735	1	-1	735
737	736	1	-1	736
738	737	1	-1	737
739	738	1	-1	738
740	739	1	-1	739
741	740	1	-1	740
742	741	1	-1	741
743	742	1	-1	742
744	743	1	-1	743
745	744	1	-1	744
746	745	1	-1	745
747	746	1	-1	746
748	747	1	-1	747
749	748	1	-1	748
750	749	1	-1	749
751	750	1	-1	750
752	751	1	-1	751
753	752	1	-1	752
754	753	1	-1	753
755	754	1	-1	754
756	755	1	-1	755
757	756	1	-1	756
758	757	1	-1	757
759	758	1	-1	758
760	759	1	-1	759
761	760	1	-1	760
762	761	1	-1	761
763	762	1	-1	762
764	763	1	-1	763
765	764	1	-1	764
766	765	1	-1	765
767	766	1	-1	766
768	767	1	-1	767
769	768	1	-1	768
770	769	1	-1	769
771	770	1	-1	770
772	771	1	-1	771
773	772	1	-1	772
774	773	1	-1	773
775	774	1	-1	774
776	775	1	-1	775
777	776	1	-1	776
778	777	1	-1	777
779	778	1	-1	778
780	779	1	-1	779
781	780	1	-1	780
782	781	1	-1	781
783	782	1	-1	782
784	783	1	-1	783
785	784	1	-1	784
786	785	1	-1	785
787	786	1	-1	786
788	787	1	-1	787
789	788	1	-1	788
790	789	1	-1	789
791	790	1	-1	790
792	791	1	-1	791
793	792	1	-1	792
794	793	1	-1	793
795	794	1	-1	794
796	795	1	-1	795
797	796	1	-1	796
798	797	1	-1	797
799	798	1	-1	798
800	799	1	-1	799
801	800	1	-1	800
802	801	1	-1	801
803	802	1	-1	802
804	803	1	-1	803
805	804	1	-1	804
806	805	1	-1	805
807	806	1	-1	806
808	807	1	-1	807
809	808	1	-1	808
810	809	1	-1	809
811	810	1	-1	810
812	811	1	-1	811
813	812	1	-1	812
814	813	1	-1	813
815	814	1	-1	814
816	815	1	-1	815
817	816	1	-1	816
818	817	1	-1	817
819	818	1	-1	818
820	819	1	-1	819
821	820	1	-1	820
822	821	1	-1	821
823	822	1	-1	822
824	823	1	-1	823
825	824	1	-1	824
826	825	1	-1	825
827	826	1	-1	826
828	827	1	-1	827
829	828	1	-1	828
830	829	1	-1	829
831	830	1	-1	830
832	831	1	-1	831
833	832	1	-1	832
834	833	1	-1	833
835	834	1	-1	834
836	835	1	-1	835
837	836	1	-1	836
838	837	1	-1	837
839	838	1	-1	838
840	839	1	-1	839
841	840	1	-1	840
842	841	1	-1	841
843	842	1	-1	842
844	843	1	-1	843
845	844	1	-1	844
846	845	1	-1	845
847	846	1	-1	846
848	847	1	-1	847
849	848	1	-1	848
850	849	1	-1	849
851	850	1	-1	850
852	851	1	-1	851
853	852	1	-1	852
854	853	1	-1	853
855	854	1	-1	854
856	855	1	-1	855
857	856	1	-1	856
858	857	1	-1	857
859	858	1	-1	858
860	859	1	-1	859
861	860	1	-1	860
862	861	1	-1	861
863	862	1	-1	862
864	863	1	-1	863
865	864	1	-1	864
866	865	1	-1	865
867	866	1	-1	866
868	867	1	-1	867
869	868	1	-1	868
870	869	1	-1	869
871	870	1	-1	870
872	871	1	-1	871
873	872	1	-1	872
874	873	1	-1	873
875	874	1	-1	874
876	875	1	-1	875
877	876	1	-1	876
878	877	1	-1	877
879	878	1	-1	878
880	879	1	-1	879
881	880	1	-1	880
882	881	1	-1	881
883	882	1	-1	882
884	883	1	-1	883
885	884	1	-1	884
886	885	1	-1	885
887	886	1	-1	886
888	887	1	-1	887
889	888	1	-1	888
890	889	1	-1	889
891	890	1	-1	890
892	891	1	-1	891
893	892	1	-1	892
894	893	1	-1	893
895	894	1	-1	894
896	895	1	-1	895
897	896	1	-1	896
898	897	1	-1	897
899	898	1	-1	898
900	899	1	-1	899
901	900	1	-1	900
902	901	1	-1	901
903	902	1	-1	902
904	903	1	-1	903
905	904	1	-1	904
906	905	1	-1	905
907	906	1	-1	906
908	907	1	-1	907
909	908	1	-1	908
910	909	1	-1	909
911	910	1	-1	910
912	911	1	-1	911
913	912	1	-1	912
914	913	1	-1	913
915	914	1	-1	914
916	915	1	-1	915
917	916	1	-1	916
918	917	1	-1	917
919	918	1	-1	918
920	919	1	-1	919
921	920	1	-1	920
922	921	1	-1	921
923	922	1	-1	922
924	923	1	-1	923
925	924	1	-1	924
926	925	1	-1	925
927	926	1	-1	926
928	927	1	-1	927
929	928	1	-1	928
930	929	1	-1	929
931	930	1	-1	930
932	931	1	-1	931
933	932	1	-1	932
934	933	1	-1	933
935	934	1	-1	934
936	935	1	-1	935
937	936	1	-1	936
938	937	1	-1	937
939	938	1	-1	938
940	939	1	-1	939
941	940	1	-1	940
942	941	1	-1	941
943	942	1	-1	942
944	943	1	-1	943
945	944	1	-1	944
946	945	1	-1	945
947	946	1	-1	946
948	947	1	-1	947
949	948	1	-1	948
950	949	1	-1	949
951	950	1	-1	950
952	951	1	-1	951
953	952	1	-1	952
954	953	1	-1	953
955	954	1	-1	954
956	955	1	-1	955
957	956	1	-1	956
958	957	1	-1	957
959	958	1	-1	958
960	959	1	-1	959
961	960	1	-1	960
962	961	1	-1	961
963	962	1	-1	962
964	963	1	-1	963
965	964	1	-1	964
966	965	1	-1	965
967	966	1	-1	966
968	967	1	-1	967
969	968	1	-1	968
970	969	1	-1	969
971	970	1	-1	970
972	971	1	-1	971
973	972	1	-1	972
974	973	1	-1	973
975	974	1	-1	974
976	975	1	-1	975
977	976	1	-1	976
978	977	1	-1	977
979	978	1	-1	978
980	979	1	-1	979
981	980	1	-1	980
982	981	1	-1	981
983	982	1	-1	982
984	983	1	-1	983
985	984	1	-1	984
986	985	1	-1	985
987	986	1	-1	986
988	987	1	-1	987
989	988	1	-1	988
990	989	1	-1	989
991	990	1	-1	990
992	991	1	-1	991
993	992	1	-1	992
994	993	1	-1	993
995	994	1	-1	994
996	995	1	-1	995
997	996	1	-1	996
998	997	1	-1	997
999	998	1	-1	998
1000	999	1	-1	999
1001	1000	1	-1	1000
1002	1001	1	-1	1001
1003	1002	1	-1	1002
1004	1003	1	-1	1003
1005	1004	1	-1	1004
1006	1005	1	-1	1005
1007	1006	1	-1	1006
1008	1007	1	-1	1007
1009	1008	1	-1	1008
1010	1009	1	-1	1009
1011	1010	1	-1	1010
1012	1011	1	-1	1011
1013	1012	1	-1	1012
1014	1013	1	-1	1013
1015	1014	1	-1	1014
1016	1015	1	-1	1015
1017	1016	1	-1	1016
1018	1017	1	-1	1017
1019	1018	1	-1	1018
1020	1019	1	-1	1019
1021	1020	1	-1	1020
1022	1021	1	-1	1021
1023	1022	1	-1	1022
1024	1023	1	-1	1023
1025	1024	1	-1	1024
1026	1025	1	-1	1025
1027	1026	1	-1	1026
1028	1027	1	-1	1027
1029	1028	1	-1	1028
1030	1029	1	-1	1029
1031	1030	1	-1	1030
1032	1031	1	-1	1031
1033	1032	1	-1	1032
1034	1033	1	-1	1033
1035	1034	1	-1	1034
1036	1035	1	-1	1035
1037	1036	1	-1	1036
1038	1037	1	-1	1037
1039	1038	1	-1	1038
1040	1039	1	-1	1039
1041	1040	1	-1	1040
1042	1041	1	-1	1041
1043	1042	1	-1	1042
1044	1043	1	-1	1043
1045	1044	1	-1	1044
1046	1045	1	-1	1045
1047	1046	1	-1	1046
1048	1047	1	-1	1047
1049	1048	1	-1	1048
1050	1049	1	-1	1049
1051	1050	1	-1	1050
1052	1051	1	-1	1051
1053	1052	1	-1	1052
1054	1053	1	-1	1053
1055	1054	1	-1	1054
1056	1055	1	-1	1055
1057	1056	1	-1	1056
1058	1057	1	-1	1057
1059	1058	1	-1	1058
1060	1059	1	-1	1059
1061	1060	1	-1	1060
1062	1061	1	-1	1061
1063	1062	1	-1	1062
1064	1063	1	-1	1063
1065	1064	1	-1	1064
1066	1065	1	-1	1065
1067	1066	1	-1	1066
1068	1067	1	-1	1067
1069	1068	1	-1	1068
1070	1069	1	-1	1069
1071	1070	1	-1	1070
1072	1071	1	-1	1071
1073	1072	1	-1	1072
1074	1073	1	-1	1073
1075	1074	1	-1	1074
1076	1075	1	-1	1075
1077	1076	1	-1	1076
1078	1077	1	-1	1077
1079	1078	1	-1	1078
1080	1079	1	-1	1079
1081	1080	1	-1	1080
1082	1081	1	-1	1081
1083	1082	1	-1	1082
1084	1083	1	-1	1083
1085	1084	1	-1	1084
1086	1085	1	-1	1085
1087	1086	1	-1	1086
1088	1087	1	-1	1087
1089	1088	1	-1	1088
1090	1089	1	-1	1089
1091	1090	1	-1	1090
1092	1091	1	-1	1091
1093	1092	1	-1	1092
1094	1093	1	-1	1093
1095	1094	1	-1	1094
1096	1095	1	-1	1095
1097	1096	1	-1	1096
1098	1097	1	-1	1097
1099	1098	1	-1	1098
1100	1099	1	-1	1099
1101	1100	1	-1	1100
1102	1101	1	-1	1101
1103	1102	1	-1	1102
1104	1103	1	-1	1103
1105	1104	1	-1	1104
1106	1105	1	-1	1105
1107	1106	1	-1	1106
1108	1107	1	-1	1107
1109	1108	1	-1	1108
1110	1109	1	-1	1109
1111	1110	1	-1	1110
1112	1111	1	-1	1111
1113	1112	1	-1	1112
1114	1113	1	-1	1113
1115	1114	1	-1	1114
1116	1115	1	-1	1115
1117	1116	1	-1	1116
1118	1117	1	-1	1117
1119	1118	1	-1	1118
1120	1119	1	-1	1119
1121	1120	1	-1	1120
1122	1121	1	-1	1121
1123	1122	1	-1	1122
1124	1123	1	-1	1123
1125	1124	1	-1	1124
1126	1125	1	-1	1125
1127	1126	1	-1	1126
1128	1127	1	-1	1127
1129	1128	1	-1	1128
1130	1129	1	-1	1129
1131	1130	1	-1	1130
1132	1131	1	-1	1131
1133	1132	1	-1	1132
1134	1133	1	-1	1133
1135	1134	1	-1	1134
1136	1135	1	-1	1135
1137	1136	1	-1	1136
1138	1137	1	-1	1137
1139	1138	1	-1	1138
1140	1139	1	-1	1139
1141	1140	1	-1	1140
1142	1141	1	-1	1141
1143	1142	1	-1	1142
1144	1143	1	-1	1143
1145	1144	1	-1	1144
1146	1145	1	-1	1145
1147	1146	1	-1	1146
1148	1147	1	-1	1147
1149	1148	1	-1	1148
1150	1149	1	-1	1149
1151	1150	1	-1	1150
1152	1151	1	-1	1151
1153	1152	1	-1	1152
1154	1153	1	-1	1153
1155	1154	1	-1	1154
1156	1155	1	-1	1155
1157	1156	1	-1	1156
1158	1157	1	-1	1157
1159	1158	1	-1	1158
1160	1159	1	-1	1159
1161	1160	1	-1	1160
1162	1161	1	-1	1161
1163	1162	1	-1	1162
1164	1163	1	-1	1163
1165	1164	1	-1	1164
1166	1165	1	-1	1165
1167	1166	1	-1	1166
1168	1167	1	-1	1167
1169	1168	1	-1	1168
1170	1169	1	-1	1169
1171	1170	1	-1	1170
1172	1171	1	-1	1171
1173	1172	1	-1	1172
1174	1173	1	-1	1173
1175	1174	1	-1	1174
1176	1175	1	-1	1175
1177	1176	1	-1	1176
1178	1177	1	-1	1177
1179	1178	1	-1	1178
1180	1179	1	-1	1179
1181	1180	1	-1	1180
1182	1181	1	-1	1181
1183	1182	1	-1	1182
1184	1183	1	-1	1183
1185	1184	1	-1	1184
1186	1185	1	-1	1185
1187	1186	1	-1	1186
1188	1187	1	-1	1187
1189	1188	1	-1	1188
1190	1189	1	-1	1189
1191	1190	1	-1	1190
1192	1191	1	-1	1191
1193	1192	1	-1	1192
1194	1193	1	-1	1193
1195	1194	1	-1	1194
1196	1195	1	-1	1195
1197	1196	1	-1	1196
1198	1197	1	-1	1197
1199	1198	1	-1	1198
1200	1199	1	-1	1199
1201	1200	1	-1	1200
1202	1201	1	-1	1201
1203	1202	1	-1	1202
1204	1203	1	-1	1203
1205	1204	1	-1	1204
1206	1205	1	-1	1205
1207	1206	1	-1	1206
1208	1207	1	-1	1207
1209	1208	1	-1	1208
1210	1209	1	-1	1209
1211	1210	1	-1	1210
1212	1211	1	-1	1211
1213	1212	1	-1	1212
1214	1213	1	-1	1213
1215	1214	1	-1	1214
1216	1215	1	-1	1215
1217	1216	1	-1	1216
1218	1217	1	-1	1217
1219	1218	1	-1	1218
1220	1219	1	-1	1219
1221	1220	1	-1	1220
1222	1221	1	-1	1221
1223	1222	1	-1	1222
1224	1223	1	-1	1223
1225	1224	1	-1	1224
1226	1225	1	-1	1225
1227	1226	1	-1	1226
1228	1227	1	-1	1227
1229	1228	1	-1	1228
1230	1229	1	-1	1229
1231	1230	1	-1	1230
1232	1231	1	-1	1231
1233	1232	1	-1	1232
1234	1233	1	-1	1233
1235	1234	1	-1	1234
1236	1235	1	-1	1235
1237	1236	1	-1	1236
1238	1237	1	-1	1237
1239	1238	1	-1	1238
1240	1239	1	-1	1239
1241	1240	1	-1	1240
1242	1241	1	-1	1241
1243	1242	1	-1	1242
1244	1243	1	-1	1243
1245	1244	1	-1	1244
1246	1245	1	-1	1245
1247	1246	1	-1	1246
1248	1247	1	-1	1247
1249	1248	1	-1	1248
1250	1249	1	-1	1249
1251	1250	1	-1	1250
1252	1251	1	-1	1251
1253	1252	1	-1	1252
1254	1253	1	-1	1253
1255	1254	1	-1	1254
1256	1255	1	-1	1255
1257	1256	1	-1	1256
1258	1257	1	-1	1257
1259	1258	1	-1	1258
1260	1259	1	-1	1259
1261	1260	1	-1	1260
1262	1261	1	-1	1261
1263	1262	1	-1	1262
1264	1263	1	-1	1263
1265	1264	1	-1	1264
1266	1265	1	-1	1265
1267	1266	1	-1	1266
1268	1267	1	-1	1267
1269	1268	1	-1	1268
1270	1269	1	-1	1269
1271	1270	1	-1	1270
1272	1271	1	-1	1271
1273	1272	1	-1	1272
1274	1273	1	-1	1273
1275	1274	1	-1	1274
1276	1275	1	-1	1275
1277	1276	1	-1	1276
1278	1277	1	-1	1277
1279	1278	1	-1	1278
1280	1279	1	-1	1279
1281	1280	1	-1	1280
1282	1281	1	-1	1281
1283	1282	1	-1	1282
1284	1283	1	-1	1283
1285	1284	1	-1	1284
1286	1285	1	-1	1285
1287	1286	1	-1	1286
1288	1287	1	-1	1287
1289	1288	1	-1	1288
1290	1289	1	-1	1289
1291	1290	1	-1	1290
1292	1291	1	-1	1291
1293	1292	1	-1	1292
1294	1293	1	-1	1293
1295	1294	1	-1	1294
1296	1295	1	-1	1295
1297	1296	1	-1	1296
1299	1298	1	0	-1
1300	1299	1	1	-1
1301	1300	1	2	-1
1302	1301	1	3	-1
1303	1302	1	4	-1
1304	1303	1	5	-1
1305	1304	1	6	-1
1306	1305	1	7	-1
1307	1306	1	8	-1
1308	1307	1	9	-1
1309	1308	1	10	-1
1310	1309	1	11	-1
1311	1310	1	12	-1
1312	1311	1	13	-1
1313	1312	1	14	-1
1314	1313	1	15	-1
1315	1314	1	16	-1
1316	1315	1	17	-1
1317	1316	1	18	-1
1318	1317	1	19	-1
1319	1318	1	20	-1
1320	1319	1	21	-1
1321	1320	1	22	-1
1322	1321	1	23	-1
1323	1322	1	24	-1
1324	1323	1	25	-1
1325	1324	1	26	-1
1326	1325	1	27	-1
1327	1326	1	28	-1
1328	1327	1	29	-1
1329	1328	1	30	-1
1330	1329	1	31	-1
1331	1330	1	32	-1
1332	1331	1	33	-1
1333	1332	1	34	-1
1334	1333	1	35	-1
1335	1334	1	36	-1
1336	1335	1	37	-1
1337	1336	1	38	-1
1338	1337	1	39	-1
1339	1338	1	40	-1
1340	1339	1	41	-1
1341	1340	1	42	-1
1342	1341	1	43	-1
1343	1342	1	44	-1
1344	1343	1	45	-1
1345	1344	1	46	-1
1346	1345	1	47	-1
1347	1346	1	48	-1
1348	1347	1	49	-1
1349	1348	1	50	-1
1350	1349	1	51	-1
1351	1350	1	52	-1
1352	1351	1	53	-1
1353	1352	1	54	-1
1354	1353	1	55	-1
1355	1354	1	56	-1
1356	1355	1	57	-1
1357	1356	1	58	-1
1358	1357	1	59	-1
1359	1358	1	60	-1
1360	1359	1	61	-1
1361	1360	1	62	-1
1362	1361	1	63	-1
1363	1362	1	64	-1
1364	1363	1	65	-1
1365	1364	1	66	-1
1366	1365	1	67	-1
1367	1366	1	68	-1
1368	1367	1	69	-1
1369	1368	1	70	-1
1370	1369	1	71	-1
1371	1370	1	72	-1
1372	1371	1	73	-1
1373	1372	1	74	-1
1374	1373	1	75	-1
1375	1374	1	76	-1
1376	1375	1	77	-1
1377	1376	1	78	-1
1378	1377	1	79	-1
1379	1378	1	80	-1
1380	1379	1	81	-1
1381	1380	1	82	-1
1382	1381	1	83	-1
1383	1382	1	84	-1
1384	1383	1	85	-1
1385	1384	1	86	-1
1386	1385	1	87	-1
1387	1386	1	88	-1
1388	1387	1	89	-1
1389	1388	1	90	-1
1390	1389	1	91	-1
1391	1390	1	92	-1
1392	1391	1	93	-1
1393	1392	1	94	-1
1394	1393	1	95	-1
1395	1394	1	96	-1
1396	1395	1	97	-1
1397	1396	1	98	-1
1398	1397	1	99	-1
1399	1398	1	100	-1
1400	1399	1	101	-1
1401	1400	1	102	-1
1402	1401	1	103	-1
1403	1402	1	104	-1
1404	1403	1	105	-1
1405	1404	1	106	-1
1406	1405	1	107	-1
1407	1406	1	108	-1
1408	1407	1	109	-1
1409	1408	1	110	-1
1410	1409	1	111	-1
1411	1410	1	112	-1
1412	1411	1	113	-1
1413	1412	1	114	-1
1414	1413	1	115	-1
1415	1414	1	116	-1
1416	1415	1	117	-1
1417	1416	1	118	-1
1418	1417	1	119	-1
1419	1418	1	120	-1
1420	1419	1	121	-1
1421	1420	1	122	-1
1422	1421	1	123	-1
1423	1422	1	124	-1
1424	1423	1	125	-1
1425	1424	1	126	-1
1426	1425	1	127	-1
1427	1426	1	128	-1
1428	1427	1	129	-1
1429	1428	1	130	-1
1430	1429	1	131	-1
1431	1430	1	132	-1
1432	1431	1	133	-1
1433	1432	1	134	-1
1434	1433	1	135	-1
1435	1434	1	136	-1
1436	1435	1	137	-1
1437	1436	1	138	-1
1438	1437	1	139	-1
1439	1438	1	140	-1
1440	1439	1	141	-1
1441	1440	1	142	-1
1442	1441	1	143	-1
1443	1442	1	144	-1
1444	1443	1	145	-1
1445	1444	1	146	-1
1446	1445	1	147	-1
1447	1446	1	148	-1
1448	1447	1	149	-1
1449	1448	1	150	-1
1450	1449	1	151	-1
1451	1450	1	152	-1
1452	1451	1	153	-1
1453	1452	1	154	-1
1454	1453	1	155	-1
1455	1454	1	156	-1
1456	1455	1	157	-1
1457	1456	1	158	-1
1458	1457	1	159	-1
1459	1458	1	160	-1
1460	1459	1	161	-1
1461	1460	1	162	-1
1462	1461	1	163	-1
1463	1462	1	164	-1
1464	1463	1	165	-1
1465	1464	1	166	-1
1466	1465	1	167	-1
1467	1466	1	168	-1
1468	1467	1	169	-1
1469	1468	1	170	-1
1470	1469	1	171	-1
1471	1470	1	172	-1
1472	1471	1	173	-1
1473	1472	1	174	-1
1474	1473	1	175	-1
1475	1474	1	176	-1
1476	1475	1	177	-1
1477	1476	1	178	-1
1478	1477	1	179	-1
1479	1478	1	180	-1
1480	1479	1	181	-1
1481	1480	1	182	-1
1482	1481	1	183	-1
1483	1482	1	184	-1
1484	1483	1	185	-1
1485	1484	1	186	-1
1486	1485	1	187	-1
1487	1486	1	188	-1
1488	1487	1	189	-1
1489	1488	1	190	-1
1490	1489	1	191	-1
1491	1490	1	192	-1
1492	1491	1	193	-1
1493	1492	1	194	-1
1494	1493	1	195	-1
1495	1494	1	196	-1
1496	1495	1	197	-1
1497	1496	1	198	-1
1498	1497	1	199	-1
1499	1498	1	200	-1
1500	1499	1	201	-1
1501	1500	1	202	-1
1502	1501	1	203	-1
1503	1502	1	204	-1
1504	1503	1	205	-1
1505	1504	1	206	-1
1506	1505	1	207	-1
1507	1506	1	208	-1
1508	1507	1	209	-1
1509	1508	1	210	-1
1510	1509	1	211	-1
1511	1510	1	212	-1
1512	1511	1	213	-1
1513	1512	1	214	-1
1514	1513	1	215	-1
1515	1514	1	216	-1
1516	1515	1	217	-1
1517	1516	1	218	-1
1518	1517	1	219	-1
1519	1518	1	220	-1
1520	1519	1	221	-1
1521	1520	1	222	-1
1522	1521	1	223	-1
1523	1522	1	224	-1
1524	1523	1	225	-1
1525	1524	1	226	-1
1526	1525	1	227	-1
1527	1526	1	228	-1
1528	1527	1	229	-1
1529	1528	1	230	-1
1530	1529	1	231	-1
1531	1530	1	232	-1
1532	1531	1	233	-1
1533	1532	1	234	-1
1534	1533	1	235	-1
1535	1534	1	236	-1
1536	1535	1	237	-1
1537	1536	1	238	-1
1538	1537	1	239	-1
1539	1538	1	240	-1
1540	1539	1	241	-1
1541	1540	1	242	-1
1542	1541	1	243	-1
1543	1542	1	244	-1
1544	1543	1	245	-1
1545	1544	1	246	-1
1546	1545	1	247	-1
1547	1546	1	248	-1
1548	1547	1	249	-1
1549	1548	1	250	-1
1550	1549	1	251	-1
1551	1550	1	252	-1
1552	1551	1	253	-1
1553	1552	1	254	-1
1554	1553	1	255	-1
1555	1554	1	256	-1
1556	1555	1	257	-1
1557	1556	1	258	-1
1558	1557	1	259	-1
1559	1558	1	260	-1
1560	1559	1	261	-1
1561	1560	1	262	-1
1562	1561	1	263	-1
1563	1562	1	264	-1
1564	1563	1	265	-1
1565	1564	1	266	-1
1566	1565	1	267	-1
1567	1566	1	268	-1
1568	1567	1	269	-1
1569	1568	1	270	-1
1570	1569	1	271	-1
1571	1570	1	272	-1
1572	1571	1	273	-1
1573	1572	1	274	-1
1574	1573	1	275	-1
1575	1574	1	276	-1
1576	1575	1	277	-1
1577	1576	1	278	-1
1578	1577	1	279	-1
1579	1578	1	280	-1
1580	1579	1	281	-1
1581	1580	1	282	-1
1582	1581	1	283	-1
1583	1582	1	284	-1
1584	1583	1	285	-1
1585	1584	1	286	-1
1586	1585	1	287	-1
1587	1586	1	288	-1
1588	1587	1	289	-1
1589	1588	1	290	-1
1590	1589	1	291	-1
1591	1590	1	292	-1
1592	1591	1	293	-1
1593	1592	1	294	-1
1594	1593	1	295	-1
1595	1594	1	296	-1
1596	1595	1	297	-1
1597	1596	1	298	-1
1598	1597	1	299	-1
1599	1598	1	300	-1
1600	1599	1	301	-1
1601	1600	1	302	-1
1602	1601	1	303	-1
1603	1602	1	304	-1
1604	1603	1	305	-1
1605	1604	1	306	-1
1606	1605	1	307	-1
1607	1606	1	308	-1
1608	1607	1	309	-1
1609	1608	1	310	-1
1610	1609	1	311	-1
1611	1610	1	312	-1
1612	1611	1	313	-1
1613	1612	1	314	-1
1614	1613	1	315	-1
1615	1614	1	316	-1
1616	1615	1	317	-1
1617	1616	1	318	-1
1618	1617	1	319	-1
1619	1618	1	320	-1
1620	1619	1	321	-1
1621	1620	1	322	-1
1622	1621	1	323	-1
1623	1622	1	324	-1
1624	1623	1	325	-1
1625	1624	1	326	-1
1626	1625	1	327	-1
1627	1626	1	328	-1
1628	1627	1	329	-1
1629	1628	1	330	-1
1630	1629	1	331	-1
1631	1630	1	332	-1
1632	1631	1	333	-1
1633	1632	1	334	-1
1634	1633	1	335	-1
1635	1634	1	336	-1
1636	1635	1	337	-1
1637	1636	1	338	-1
1638	1637	1	339	-1
1639	1638	1	340	-1
1640	1639	1	341	-1
1641	1640	1	342	-1
1642	1641	1	343	-1
1643	1642	1	344	-1
1644	1643	1	345	-1
1645	1644	1	346	-1
1646	1645	1	347	-1
1647	1646	1	348	-1
1648	1647	1	349	-1
1649	1648	1	350	-1
1650	1649	1	351	-1
1651	1650	1	352	-1
1652	1651	1	353	-1
1653	1652	1	354	-1
1654	1653	1	355	-1
1655	1654	1	356	-1
1656	1655	1	357	-1
1657	1656	1	358	-1
1658	1657	1	359	-1
1659	1658	1	360	-1
1660	1659	1	361	-1
1661	1660	1	362	-1
1662	1661	1	363	-1
1663	1662	1	364	-1
1664	1663	1	365	-1
1665	1664	1	366	-1
1666	1665	1	367	-1
1667	1666	1	368	-1
1668	1667	1	369	-1
1669	1668	1	370	-1
1670	1669	1	371	-1
1671	1670	1	372	-1
1672	1671	1	373	-1
1673	1672	1	374	-1
1674	1673	1	375	-1
1675	1674	1	376	-1
1676	1675	1	377	-1
1677	1676	1	378	-1
1678	1677	1	379	-1
1679	1678	1	380	-1
1680	1679	1	381	-1
1681	1680	1	382	-1
1682	1681	1	383	-1
1683	1682	1	384	-1
1684	1683	1	385	-1
1685	1684	1	386	-1
1686	1685	1	387	-1
1687	1686	1	388	-1
1688	1687	1	389	-1
1689	1688	1	390	-1
1690	1689	1	391	-1
1691	1690	1	392	-1
1692	1691	1	393	-1
1693	1692	1	394	-1
1694	1693	1	395	-1
1695	1694	1	396	-1
1696	1695	1	397	-1
1697	1696	1	398	-1
1698	1697	1	399	-1
1699	1698	1	400	-1
1700	1699	1	401	-1
1701	1700	1	402	-1
1702	1701	1	403	-1
1703	1702	1	404	-1
1704	1703	1	405	-1
1705	1704	1	406	-1
1706	1705	1	407	-1
1707	1706	1	408	-1
1708	1707	1	409	-1
1709	1708	1	410	-1
1710	1709	1	411	-1
1711	1710	1	412	-1
1712	1711	1	413	-1
1713	1712	1	414	-1
1714	1713	1	415	-1
1715	1714	1	416	-1
1716	1715	1	417	-1
1717	1716	1	418	-1
1718	1717	1	419	-1
1719	1718	1	420	-1
1720	1719	1	421	-1
1721	1720	1	422	-1
1722	1721	1	423	-1
1723	1722	1	424	-1
1724	1723	1	425	-1
1725	1724	1	426	-1
1726	1725	1	427	-1
1727	1726	1	428	-1
1728	1727	1	429	-1
1729	1728	1	430	-1
1730	1729	1	431	-1
1731	1730	1	432	-1
1732	1731	1	433	-1
1733	1732	1	434	-1
1734	1733	1	435	-1
1735	1734	1	436	-1
1736	1735	1	437	-1
1737	1736	1	438	-1
1738	1737	1	439	-1
1739	1738	1	440	-1
1740	1739	1	441	-1
1741	1740	1	442	-1
1742	1741	1	443	-1
1743	1742	1	444	-1
1744	1743	1	445	-1
1745	1744	1	446	-1
1746	1745	1	447	-1
1747	1746	1	448	-1
1748	1747	1	449	-1
1749	1748	1	450	-1
1750	1749	1	451	-1
1751	1750	1	452	-1
1752	1751	1	453	-1
1753	1752	1	454	-1
1754	1753	1	455	-1
1755	1754	1	456	-1
1756	1755	1	457	-1
1757	1756	1	458	-1
1758	1757	1	459	-1
1759	1758	1	460	-1
1760	1759	1	461	-1
1761	1760	1	462	-1
1762	1761	1	463	-1
1763	1762	1	464	-1
1764	1763	1	465	-1
1765	1764	1	466	-1
1766	1765	1	467	-1
1767	1766	1	468	-1
1768	1767	1	469	-1
1769	1768	1	470	-1
1770	1769	1	471	-1
1771	1770	1	472	-1
1772	1771	1	473	-1
1773	1772	1	474	-1
1774	1773	1	475	-1
1775	1774	1	476	-1
1776	1775	1	477	-1
1777	1776	1	478	-1
1778	1777	1	479	-1
1779	1778	1	480	-1
1780	1779	1	481	-1
1781	1780	1	482	-1
1782	1781	1	483	-1
1783	1782	1	484	-1
1784	1783	1	485	-1
1785	1784	1	486	-1
1786	1785	1	487	-1
1787	1786	1	488	-1
1788	1787	1	489	-1
1789	1788	1	490	-1
1790	1789	1	491	-1
1791	1790	1	492	-1
1792	1791	1	493	-1
1793	1792	1	494	-1
1794	1793	1	495	-1
1795	1794	1	496	-1
1796	1795	1	497	-1
1797	1796	1	498	-1
1798	1797	1	499	-1
1799	1798	1	500	-1
1800	1799	1	501	-1
1801	1800	1	502	-1
1802	1801	1	503	-1
1803	1802	1	504	-1
1804	1803	1	505	-1
1805	1804	1	506	-1
1806	1805	1	507	-1
1807	1806	1	508	-1
1808	1807	1	509	-1
1809	1808	1	510	-1
1810	1809	1	511	-1
1811	1810	1	512	-1
1812	1811	1	513	-1
1813	1812	1	514	-1
1814	1813	1	515	-1
1815	1814	1	516	-1
1816	1815	1	517	-1
1817	1816	1	518	-1
1818	1817	1	519	-1
1819	1818	1	520	-1
1820	1819	1	521	-1
1821	1820	1	522	-1
1822	1821	1	523	-1
1823	1822	1	524	-1
1824	1823	1	525	-1
1825	1824	1	526	-1
1826	1825	1	527	-1
1827	1826	1	528	-1
1828	1827	1	529	-1
1829	1828	1	530	-1
1830	1829	1	531	-1
1831	1830	1	532	-1
1832	1831	1	533	-1
1833	1832	1	534	-1
1834	1833	1	535	-1
1835	1834	1	536	-1
1836	1835	1	537	-1
1837	1836	1	538	-1
1838	1837	1	539	-1
1839	1838	1	540	-1
1840	1839	1	541	-1
1841	1840	1	542	-1
1842	1841	1	543	-1
1843	1842	1	544	-1
1844	1843	1	545	-1
1845	1844	1	546	-1
1846	1845	1	547	-1
1847	1846	1	548	-1
1848	1847	1	549	-1
1849	1848	1	550	-1
1850	1849	1	551	-1
1851	1850	1	552	-1
1852	1851	1	553	-1
1853	1852	1	554	-1
1854	1853	1	555	-1
1855	1854	1	556	-1
1856	1855	1	557	-1
1857	1856	1	558	-1
1858	1857	1	559	-1
1859	1858	1	560	-1
1860	1859	1	561	-1
1861	1860	1	562	-1
1862	1861	1	563	-1
1863	1862	1	564	-1
1864	1863	1	565	-1
1865	1864	1	566	-1
1866	1865	1	567	-1
1867	1866	1	568	-1
1868	1867	1	569	-1
1869	1868	1	570	-1
1870	1869	1	571	-1
1871	1870	1	572	-1
1872	1871	1	573	-1
1873	1872	1	574	-1
1874	1873	1	575	-1
1875	1874	1	576	-1
1876	1875	1	577	-1
1877	1876	1	578	-1
1878	1877	1	579	-1
1879	1878	1	580	-1
1880	1879	1	581	-1
1881	1880	1	582	-1
1882	1881	1	583	-1
1883	1882	1	584	-1
1884	1883	1	585	-1
1885	1884	1	586	-1
1886	1885	1	587	-1
1887	1886	1	588	-1
1888	1887	1	589	-1
1889	1888	1	590	-1
1890	1889	1	591	-1
1891	1890	1	592	-1
1892	1891	1	593	-1
1893	1892	1	594	-1
1894	1893	1	595	-1
1895	1894	1	596	-1
1896	1895	1	597	-1
1897	1896	1	598	-1
1898	1897	1	599	-1
1899	1898	1	600	-1
1900	1899	1	601	-1
1901	1900	1	602	-1
1902	1901	1	603	-1
1903	1902	1	604	-1
1904	1903	1	605	-1
1905	1904	1	606	-1
1906	1905	1	607	-1
1907	1906	1	608	-1
1908	1907	1	609	-1
1909	1908	1	610	-1
1910	1909	1	611	-1
1911	1910	1	612	-1
1912	1911	1	613	-1
1913	1912	1	614	-1
1914	1913	1	615	-1
1915	1914	1	616	-1
1916	1915	1	617	-1
1917	1916	1	618	-1
1918	1917	1	619	-1
1919	1918	1	620	-1
1920	1919	1	621	-1
1921	1920	1	622	-1
1922	1921	1	623	-1
1923	1922	1	624	-1
1924	1923	1	625	-1
1925	1924	1	626	-1
1926	1925	1	627	-1
1927	1926	1	628	-1
1928	1927	1	629	-1
1929	1928	1	630	-1
1930	1929	1	631	-1
1931	1930	1	632	-1
1932	1931	1	633	-1
1933	1932	1	634	-1
1934	1933	1	635	-1
1935	1934	1	636	-1
1936	1935	1	637	-1
1937	1936	1	638	-1
1938	1937	1	639	-1
1939	1938	1	640	-1
1940	1939	1	641	-1
1941	1940	1	642	-1
1942	1941	1	643	-1
1943	1942	1	644	-1
1944	1943	1	645	-1
1945	1944	1	646	-1
1946	1945	1	647	-1
1947	1946	1	648	-1
1948	1947	1	649	-1
1949	1948	1	650	-1
1950	1949	1	651	-1
1951	1950	1	652	-1
1952	1951	1	653	-1
1953	1952	1	654	-1
1954	1953	1	655	-1
1955	1954	1	656	-1
1956	1955	1	657	-1
1957	1956	1	658	-1
1958	1957	1	659	-1
1959	1958	1	660	-1
1960	1959	1	661	-1
1961	1960	1	662	-1
1962	1961	1	663	-1
1963	1962	1	664	-1
1964	1963	1	665	-1
1965	1964	1	666	-1
1966	1965	1	667	-1
1967	1966	1	668	-1
1968	1967	1	669	-1
1969	1968	1	670	-1
1970	1969	1	671	-1
1971	1970	1	672	-1
1972	1971	1	673	-1
1973	1972	1	674	-1
1974	1973	1	675	-1
1975	1974	1	676	-1
1976	1975	1	677	-1
1977	1976	1	678	-1
1978	1977	1	679	-1
1979	1978	1	680	-1
1980	1979	1	681	-1
1981	1980	1	682	-1
1982	1981	1	683	-1
1983	1982	1	684	-1
1984	1983	1	685	-1
1985	1984	1	686	-1
1986	1985	1	687	-1
1987	1986	1	688	-1
1988	1987	1	689	-1
1989	1988	1	690	-1
1990	1989	1	691	-1
1991	1990	1	692	-1
1992	1991	1	693	-1
1993	1992	1	694	-1
1994	1993	1	695	-1
1995	1994	1	696	-1
1996	1995	1	697	-1
1997	1996	1	698	-1
1998	1997	1	699	-1
1999	1998	1	700	-1
2000	1999	1	701	-1
2001	2000	1	702	-1
2002	2001	1	703	-1
2003	2002	1	704	-1
2004	2003	1	705	-1
2005	2004	1	706	-1
2006	2005	1	707	-1
2007	2006	1	708	-1
2008	2007	1	709	-1
2009	2008	1	710	-1
2010	2009	1	711	-1
2011	2010	1	712	-1
2012	2011	1	713	-1
2013	2012	1	714	-1
2014	2013	1	715	-1
2015	2014	1	716	-1
2016	2015	1	717	-1
2017	2016	1	718	-1
2018	2017	1	719	-1
2019	2018	1	720	-1
2020	2019	1	721	-1
2021	2020	1	722	-1
2022	2021	1	723	-1
2023	2022	1	724	-1
2024	2023	1	725	-1
2025	2024	1	726	-1
2026	2025	1	727	-1
2027	2026	1	728	-1
2028	2027	1	729	-1
2029	2028	1	730	-1
2030	2029	1	731	-1
2031	2030	1	732	-1
2032	2031	1	733	-1
2033	2032	1	734	-1
2034	2033	1	735	-1
2035	2034	1	736	-1
2036	2035	1	737	-1
2037	2036	1	738	-1
2038	2037	1	739	-1
2039	2038	1	740	-1
2040	2039	1	741	-1
2041	2040	1	742	-1
2042	2041	1	743	-1
2043	2042	1	744	-1
2044	2043	1	745	-1
2045	2044	1	746	-1
2046	2045	1	747	-1
2047	2046	1	748	-1
2048	2047	1	749	-1
2049	2048	1	750	-1
2050	2049	1	751	-1
2051	2050	1	752	-1
2052	2051	1	753	-1
2053	2052	1	754	-1
2054	2053	1	755	-1
2055	2054	1	756	-1
2056	2055	1	757	-1
2057	2056	1	758	-1
2058	2057	1	759	-1
2059	2058	1	760	-1
2060	2059	1	761	-1
2061	2060	1	762	-1
2062	2061	1	763	-1
2063	2062	1	764	-1
2064	2063	1	765	-1
2065	2064	1	766	-1
2066	2065	1	767	-1
2067	2066	1	768	-1
2068	2067	1	769	-1
2069	2068	1	770	-1
2070	2069	1	771	-1
2071	2070	1	772	-1
2072	2071	1	773	-1
2073	2072	1	774	-1
2074	2073	1	775	-1
2075	2074	1	776	-1
2076	2075	1	777	-1
2077	2076	1	778	-1
2078	2077	1	779	-1
2079	2078	1	780	-1
2080	2079	1	781	-1
2081	2080	1	782	-1
2082	2081	1	783	-1
2083	2082	1	784	-1
2084	2083	1	785	-1
2085	2084	1	786	-1
2086	2085	1	787	-1
2087	2086	1	788	-1
2088	2087	1	789	-1
2089	2088	1	790	-1
2090	2089	1	791	-1
2091	2090	1	792	-1
2092	2091	1	793	-1
2093	2092	1	794	-1
2094	2093	1	795	-1
2095	2094	1	796	-1
2096	2095	1	797	-1
2097	2096	1	798	-1
2098	2097	1	799	-1
2099	2098	1	800	-1
2100	2099	1	801	-1
2101	2100	1	802	-1
2102	2101	1	803	-1
2103	2102	1	804	-1
2104	2103	1	805	-1
2105	2104	1	806	-1
2106	2105	1	807	-1
2107	2106	1	808	-1
2108	2107	1	809	-1
2109	2108	1	810	-1
2110	2109	1	811	-1
2111	2110	1	812	-1
2112	2111	1	813	-1
2113	2112	1	814	-1
2114	2113	1	815	-1
2115	2114	1	816	-1
2116	2115	1	817	-1
2117	2116	1	818	-1
2118	2117	1	819	-1
2119	2118	1	820	-1
2120	2119	1	821	-1
2121	2120	1	822	-1
2122	2121	1	823	-1
2123	2122	1	824	-1
2124	2123	1	825	-1
2125	2124	1	826	-1
2126	2125	1	827	-1
2127	2126	1	828	-1
2128	2127	1	829	-1
2129	2128	1	830	-1
2130	2129	1	831	-1
2131	2130	1	832	-1
2132	2131	1	833	-1
2133	2132	1	834	-1
2134	2133	1	835	-1
2135	2134	1	836	-1
2136	2135	1	837	-1
2137	2136	1	838	-1
2138	2137	1	839	-1
2139	2138	1	840	-1
2140	2139	1	841	-1
2141	2140	1	842	-1
2142	2141	1	843	-1
2143	2142	1	844	-1
2144	2143	1	845	-1
2145	2144	1	846	-1
2146	2145	1	847	-1
2147	2146	1	848	-1
2148	2147	1	849	-1
2149	2148	1	850	-1
2150	2149	1	851	-1
2151	2150	1	852	-1
2152	2151	1	853	-1
2153	2152	1	854	-1
2154	2153	1	855	-1
2155	2154	1	856	-1
2156	2155	1	857	-1
2157	2156	1	858	-1
2158	2157	1	859	-1
2159	2158	1	860	-1
2160	2159	1	861	-1
2161	2160	1	862	-1
2162	2161	1	863	-1
2163	2162	1	864	-1
2164	2163	1	865	-1
2165	2164	1	866	-1
2166	2165	1	867	-1
2167	2166	1	868	-1
2168	2167	1	869	-1
2169	2168	1	870	-1
2170	2169	1	871	-1
2171	2170	1	872	-1
2172	2171	1	873	-1
2173	2172	1	874	-1
2174	2173	1	875	-1
2175	2174	1	876	-1
2176	2175	1	877	-1
2177	2176	1	878	-1
2178	2177	1	879	-1
2179	2178	1	880	-1
2180	2179	1	881	-1
2181	2180	1	882	-1
2182	2181	1	883	-1
2183	2182	1	884	-1
2184	2183	1	885	-1
2185	2184	1	886	-1
2186	2185	1	887	-1
2187	2186	1	888	-1
2188	2187	1	889	-1
2189	2188	1	890	-1
2190	2189	1	891	-1
2191	2190	1	892	-1
2192	2191	1	893	-1
2193	2192	1	894	-1
2194	2193	1	895	-1
2195	2194	1	896	-1
2196	2195	1	897	-1
2197	2196	1	898	-1
2198	2197	1	899	-1
2199	2198	1	900	-1
2200	2199	1	901	-1
2201	2200	1	902	-1
2202	2201	1	903	-1
2203	2202	1	904	-1
2204	2203	1	905	-1
2205	2204	1	906	-1
2206	2205	1	907	-1
2207	2206	1	908	-1
2208	2207	1	909	-1
2209	2208	1	910	-1
2210	2209	1	911	-1
2211	2210	1	912	-1
2212	2211	1	913	-1
2213	2212	1	914	-1
2214	2213	1	915	-1
2215	2214	1	916	-1
2216	2215	1	917	-1
2217	2216	1	918	-1
2218	2217	1	919	-1
2219	2218	1	920	-1
2220	2219	1	921	-1
2221	2220	1	922	-1
2222	2221	1	923	-1
2223	2222	1	924	-1
2224	2223	1	925	-1
2225	2224	1	926	-1
2226	2225	1	927	-1
2227	2226	1	928	-1
2228	2227	1	929	-1
2229	2228	1	930	-1
2230	2229	1	931	-1
2231	2230	1	932	-1
2232	2231	1	933	-1
2233	2232	1	934	-1
2234	2233	1	935	-1
2235	2234	1	936	-1
2236	2235	1	937	-1
2237	2236	1	938	-1
2238	2237	1	939	-1
2239	2238	1	940	-1
2240	2239	1	941	-1
2241	2240	1	942	-1
2242	2241	1	943	-1
2243	2242	1	944	-1
2244	2243	1	945	-1
2245	2244	1	946	-1
2246	2245	1	947	-1
2247	2246	1	948	-1
2248	2247	1	949	-1
2249	2248	1	950	-1
2250	2249	1	951	-1
2251	2250	1	952	-1
2252	2251	1	953	-1
2253	2252	1	954	-1
2254	2253	1	955	-1
2255	2254	1	956	-1
2256	2255	1	957	-1
2257	2256	1	958	-1
2258	2257	1	959	-1
2259	2258	1	960	-1
2260	2259	1	961	-1
2261	2260	1	962	-1
2262	2261	1	963	-1
2263	2262	1	964	-1
2264	2263	1	965	-1
2265	2264	1	966	-1
2266	2265	1	967	-1
2267	2266	1	968	-1
2268	2267	1	969	-1
2269	2268	1	970	-1
2270	2269	1	971	-1
2271	2270	1	972	-1
2272	2271	1	973	-1
2273	2272	1	974	-1
2274	2273	1	975	-1
2275	2274	1	976	-1
2276	2275	1	977	-1
2277	2276	1	978	-1
2278	2277	1	979	-1
2279	2278	1	980	-1
2280	2279	1	981	-1
2281	2280	1	982	-1
2282	2281	1	983	-1
2283	2282	1	984	-1
2284	2283	1	985	-1
2285	2284	1	986	-1
2286	2285	1	987	-1
2287	2286	1	988	-1
2288	2287	1	989	-1
2289	2288	1	990	-1
2290	2289	1	991	-1
2291	2290	1	992	-1
2292	2291	1	993	-1
2293	2292	1	994	-1
2294	2293	1	995	-1
2295	2294	1	996	-1
2296	2295	1	997	-1
2297	2296	1	998	-1
2298	2297	1	999	-1
2299	2298	1	1000	-1
2300	2299	1	1001	-1
2301	2300	1	1002	-1
2302	2301	1	1003	-1
2303	2302	1	1004	-1
2304	2303	1	1005	-1
2305	2304	1	1006	-1
2306	2305	1	1007	-1
2307	2306	1	1008	-1
2308	2307	1	1009	-1
2309	2308	1	1010	-1
2310	2309	1	1011	-1
2311	2310	1	1012	-1
2312	2311	1	1013	-1
2313	2312	1	1014	-1
2314	2313	1	1015	-1
2315	2314	1	1016	-1
2316	2315	1	1017	-1
2317	2316	1	1018	-1
2318	2317	1	1019	-1
2319	2318	1	1020	-1
2320	2319	1	1021	-1
2321	2320	1	1022	-1
2322	2321	1	1023	-1
2323	2322	1	1024	-1
2324	2323	1	1025	-1
2325	2324	1	1026	-1
2326	2325	1	1027	-1
2327	2326	1	1028	-1
2328	2327	1	1029	-1
2329	2328	1	1030	-1
2330	2329	1	1031	-1
2331	2330	1	1032	-1
2332	2331	1	1033	-1
2333	2332	1	1034	-1
2334	2333	1	1035	-1
2335	2334	1	1036	-1
2336	2335	1	1037	-1
2337	2336	1	1038	-1
2338	2337	1	1039	-1
2339	2338	1	1040	-1
2340	2339	1	1041	-1
2341	2340	1	1042	-1
2342	2341	1	1043	-1
2343	2342	1	1044	-1
2344	2343	1	1045	-1
2345	2344	1	1046	-1
2346	2345	1	1047	-1
2347	2346	1	1048	-1
2348	2347	1	1049	-1
2349	2348	1	1050	-1
2350	2349	1	1051	-1
2351	2350	1	1052	-1
2352	2351	1	1053	-1
2353	2352	1	1054	-1
2354	2353	1	1055	-1
2355	2354	1	1056	-1
2356	2355	1	1057	-1
2357	2356	1	1058	-1
2358	2357	1	1059	-1
2359	2358	1	1060	-1
2360	2359	1	1061	-1
2361	2360	1	1062	-1
2362	2361	1	1063	-1
2363	2362	1	1064	-1
2364	2363	1	1065	-1
2365	2364	1	1066	-1
2366	2365	1	1067	-1
2367	2366	1	1068	-1
2368	2367	1	1069	-1
2369	2368	1	1070	-1
2370	2369	1	1071	-1
2371	2370	1	1072	-1
2372	2371	1	1073	-1
2373	2372	1	1074	-1
2374	2373	1	1075	-1
2375	2374	1	1076	-1
2376	2375	1	1077	-1
2377	2376	1	1078	-1
2378	2377	1	1079	-1
2379	2378	1	1080	-1
2380	2379	1	1081	-1
2381	2380	1	1082	-1
2382	2381	1	1083	-1
2383	2382	1	1084	-1
2384	2383	1	1085	-1
2385	2384	1	1086	-1
2386	2385	1	1087	-1
2387	2386	1	1088	-1
2388	2387	1	1089	-1
2389	2388	1	1090	-1
2390	2389	1	1091	-1
2391	2390	1	1092	-1
2392	2391	1	1093	-1
2393	2392	1	1094	-1
2394	2393	1	1095	-1
2395	2394	1	1096	-1
2396	2395	1	1097	-1
2397	2396	1	1098	-1
2398	2397	1	1099	-1
2399	2398	1	1100	-1
2400	2399	1	1101	-1
2401	2400	1	1102	-1
2402	2401	1	1103	-1
2403	2402	1	1104	-1
2404	2403	1	1105	-1
2405	2404	1	1106	-1
2406	2405	1	1107	-1
2407	2406	1	1108	-1
2408	2407	1	1109	-1
2409	2408	1	1110	-1
2410	2409	1	1111	-1
2411	2410	1	1112	-1
2412	2411	1	1113	-1
2413	2412	1	1114	-1
2414	2413	1	1115	-1
2415	2414	1	1116	-1
2416	2415	1	1117	-1
2417	2416	1	1118	-1
2418	2417	1	1119	-1
2419	2418	1	1120	-1
2420	2419	1	1121	-1
2421	2420	1	1122	-1
2422	2421	1	1123	-1
2423	2422	1	1124	-1
2424	2423	1	1125	-1
2425	2424	1	1126	-1
2426	2425	1	1127	-1
2427	2426	1	1128	-1
2428	2427	1	1129	-1
2429	2428	1	1130	-1
2430	2429	1	1131	-1
2431	2430	1	1132	-1
2432	2431	1	1133	-1
2433	2432	1	1134	-1
2434	2433	1	1135	-1
2435	2434	1	1136	-1
2436	2435	1	1137	-1
2437	2436	1	1138	-1
2438	2437	1	1139	-1
2439	2438	1	1140	-1
2440	2439	1	1141	-1
2441	2440	1	1142	-1
2442	2441	1	1143	-1
2443	2442	1	1144	-1
2444	2443	1	1145	-1
2445	2444	1	1146	-1
2446	2445	1	1147	-1
2447	2446	1	1148	-1
2448	2447	1	1149	-1
2449	2448	1	1150	-1
2450	2449	1	1151	-1
2451	2450	1	1152	-1
2452	2451	1	1153	-1
2453	2452	1	1154	-1
2454	2453	1	1155	-1
2455	2454	1	1156	-1
2456	2455	1	1157	-1
2457	2456	1	1158	-1
2458	2457	1	1159	-1
2459	2458	1	1160	-1
2460	2459	1	1161	-1
2461	2460	1	1162	-1
2462	2461	1	1163	-1
2463	2462	1	1164	-1
2464	2463	1	1165	-1
2465	2464	1	1166	-1
2466	2465	1	1167	-1
2467	2466	1	1168	-1
2468	2467	1	1169	-1
2469	2468	1	1170	-1
2470	2469	1	1171	-1
2471	2470	1	1172	-1
2472	2471	1	1173	-1
2473	2472	1	1174	-1
2474	2473	1	1175	-1
2475	2474	1	1176	-1
2476	2475	1	1177	-1
2477	2476	1	1178	-1
2478	2477	1	1179	-1
2479	2478	1	1180	-1
2480	2479	1	1181	-1
2481	2480	1	1182	-1
2482	2481	1	1183	-1
2483	2482	1	1184	-1
2484	2483	1	1185	-1
2485	2484	1	1186	-1
2486	2485	1	1187	-1
2487	2486	1	1188	-1
2488	2487	1	1189	-1
2489	2488	1	1190	-1
2490	2489	1	1191	-1
2491	2490	1	1192	-1
2492	2491	1	1193	-1
2493	2492	1	1194	-1
2494	2493	1	1195	-1
2495	2494	1	1196	-1
2496	2495	1	1197	-1
2497	2496	1	1198	-1
2498	2497	1	1199	-1
2499	2498	1	1200	-1
2500	2499	1	1201	-1
2501	2500	1	1202	-1
2502	2501	1	1203	-1
2503	2502	1	1204	-1
2504	2503	1	1205	-1
2505	2504	1	1206	-1
2506	2505	1	1207	-1
2507	2506	1	1208	-1
2508	2507	1	1209	-1
2509	2508	1	1210	-1
2510	2509	1	1211	-1
2511	2510	1	1212	-1
2512	2511	1	1213	-1
2513	2512	1	1214	-1
2514	2513	1	1215	-1
2515	2514	1	1216	-1
2516	2515	1	1217	-1
2517	2516	1	1218	-1
2518	2517	1	1219	-1
2519	2518	1	1220	-1
2520	2519	1	1221	-1
2521	2520	1	1222	-1
2522	2521	1	1223	-1
2523	2522	1	1224	-1
2524	2523	1	1225	-1
2525	2524	1	1226	-1
2526	2525	1	1227	-1
2527	2526	1	1228	-1
2528	2527	1	1229	-1
2529	2528	1	1230	-1
2530	2529	1	1231	-1
2531	2530	1	1232	-1
2532	2531	1	1233	-1
2533	2532	1	1234	-1
2534	2533	1	1235	-1
2535	2534	1	1236	-1
2536	2535	1	1237	-1
2537	2536	1	1238	-1
2538	2537	1	1239	-1
2539	2538	1	1240	-1
2540	2539	1	1241	-1
2541	2540	1	1242	-1
2542	2541	1	1243	-1
2543	2542	1	1244	-1
2544	2543	1	1245	-1
2545	2544	1	1246	-1
2546	2545	1	1247	-1
2547	2546	1	1248	-1
2548	2547	1	1249	-1
2549	2548	1	1250	-1
2550	2549	1	1251	-1
2551	2550	1	1252	-1
2552	2551	1	1253	-1
2553	2552	1	1254	-1
2554	2553	1	1255	-1
2555	2554	1	1256	-1
2556	2555	1	1257	-1
2557	2556	1	1258	-1
2558	2557	1	1259	-1
2559	2558	1	1260	-1
2560	2559	1	1261	-1
2561	2560	1	1262	-1
2562	2561	1	1263	-1
2563	2562	1	1264	-1
2564	2563	1	1265	-1
2565	2564	1	1266	-1
2566	2565	1	1267	-1
2567	2566	1	1268	-1
2568	2567	1	1269	-1
2569	2568	1	1270	-1
2570	2569	1	1271	-1
2571	2570	1	1272	-1
2572	2571	1	1273	-1
2573	2572	1	1274	-1
2574	2573	1	1275	-1
2575	2574	1	1276	-1
2576	2575	1	1277	-1
2577	2576	1	1278	-1
2578	2577	1	1279	-1
2579	2578	1	1280	-1
2580	2579	1	1281	-1
2581	2580	1	1282	-1
2582	2581	1	1283	-1
2583	2582	1	1284	-1
2584	2583	1	1285	-1
2585	2584	1	1286	-1
2586	2585	1	1287	-1
2587	2586	1	1288	-1
2588	2587	1	1289	-1
2589	2588	1	1290	-1
2590	2589	1	1291	-1
2591	2590	1	1292	-1
2592	2591	1	1293	-1
2593	2592	1	1294	-1
2594	2593	1	1295	-1
2595	2594	1	1296	-1
