4 2.500000e+00 5.000000e+01 952 953 1 0 -1 1 -1 -1 
4 7.550000e+00 5.000000e+01 953 954 2 1 -1 2 -1 0 
4 1.270000e+01 5.000000e+01 954 955 3 2 -1 3 -1 1 
4 1.795000e+01 5.000000e+01 955 956 4 3 -1 4 -1 2 
4 2.330000e+01 5.000000e+01 956 957 5 4 -1 5 -1 3 
4 2.875000e+01 5.000000e+01 957 958 6 5 -1 6 -1 4 
4 3.430000e+01 5.000000e+01 958 959 7 6 -1 7 -1 5 
4 3.995000e+01 5.000000e+01 959 960 8 7 -1 8 -1 6 
4 4.570000e+01 5.000000e+01 960 961 9 8 -1 9 -1 7 
4 5.155000e+01 5.000000e+01 961 962 10 9 -1 10 -1 8 
4 5.750000e+01 5.000000e+01 962 963 11 10 -1 11 -1 9 
4 6.355000e+01 5.000000e+01 963 964 12 11 -1 12 -1 10 
4 6.970000e+01 5.000000e+01 964 965 13 12 -1 13 -1 11 
4 7.595000e+01 5.000000e+01 965 966 14 13 -1 14 -1 12 
4 8.230000e+01 5.000000e+01 966 967 15 14 -1 15 -1 13 
4 8.875000e+01 5.000000e+01 967 968 16 15 -1 16 -1 14 
4 9.530000e+01 5.000000e+01 968 969 17 16 -1 17 -1 15 
4 1.019500e+02 5.000000e+01 969 970 18 17 -1 18 -1 16 
4 1.087000e+02 5.000000e+01 970 971 19 18 -1 19 -1 17 
4 1.155500e+02 5.000000e+01 971 972 20 19 -1 20 -1 18 
4 1.225000e+02 5.000000e+01 972 973 21 20 -1 21 -1 19 
4 1.295500e+02 5.000000e+01 973 974 22 21 -1 22 -1 20 
4 1.367000e+02 5.000000e+01 974 975 23 22 -1 23 -1 21 
4 1.439500e+02 5.000000e+01 975 976 24 23 -1 24 -1 22 
4 1.513000e+02 5.000000e+01 976 977 25 24 -1 25 -1 23 
4 1.587500e+02 5.000000e+01 977 978 26 25 -1 26 -1 24 
4 1.663000e+02 5.000000e+01 978 979 27 26 -1 27 -1 25 
4 1.739500e+02 5.000000e+01 979 980 28 27 -1 28 -1 26 
4 1.817000e+02 5.000000e+01 980 981 29 28 -1 29 -1 27 
4 1.895500e+02 5.000000e+01 981 982 30 29 -1 30 -1 28 
4 1.975000e+02 5.000000e+01 982 983 31 30 -1 31 -1 29 
4 2.055500e+02 5.000000e+01 983 984 32 31 -1 32 -1 30 
4 2.137000e+02 5.000000e+01 984 985 33 32 -1 33 -1 31 
4 2.219500e+02 5.000000e+01 985 986 34 33 -1 34 -1 32 
4 2.303000e+02 5.000000e+01 986 987 35 34 -1 35 -1 33 
4 2.387500e+02 5.000000e+01 987 988 36 35 -1 36 -1 34 
4 2.473000e+02 5.000000e+01 988 989 37 36 -1 37 -1 35 
4 2.559500e+02 5.000000e+01 989 990 38 37 -1 38 -1 36 
4 2.647000e+02 5.000000e+01 990 991 39 38 -1 39 -1 37 
4 2.735500e+02 5.000000e+01 991 992 40 39 -1 40 -1 38 
4 2.825000e+02 5.000000e+01 992 993 41 40 -1 41 -1 39 
4 2.915500e+02 5.000000e+01 993 994 42 41 -1 42 -1 40 
4 3.007000e+02 5.000000e+01 994 995 43 42 -1 43 -1 41 
4 3.099500e+02 5.000000e+01 995 996 44 43 -1 44 -1 42 
4 3.193000e+02 5.000000e+01 996 997 45 44 -1 45 -1 43 
4 3.287500e+02 5.000000e+01 997 998 46 45 -1 46 -1 44 
4 3.383000e+02 5.000000e+01 998 999 47 46 -1 47 -1 45 
4 3.479500e+02 5.000000e+01 999 1000 48 47 -1 48 -1 46 
4 3.577000e+02 5.000000e+01 1000 1001 49 48 -1 49 -1 47 
4 3.675500e+02 5.000000e+01 1001 1002 50 49 -1 50 -1 48 
4 3.775000e+02 5.000000e+01 1002 1003 51 50 -1 51 -1 49 
4 3.875500e+02 5.000000e+01 1003 1004 52 51 -1 52 -1 50 
4 3.977000e+02 5.000000e+01 1004 1005 53 52 -1 53 -1 51 
4 4.079500e+02 5.000000e+01 1005 1006 54 53 -1 54 -1 52 
4 4.183000e+02 5.000000e+01 1006 1007 55 54 -1 55 -1 53 
4 4.287500e+02 5.000000e+01 1007 1008 56 55 -1 56 -1 54 
4 4.393000e+02 5.000000e+01 1008 1009 57 56 -1 57 -1 55 
4 4.499500e+02 5.000000e+01 1009 1010 58 57 -1 58 -1 56 
4 4.607000e+02 5.000000e+01 1010 1011 59 58 -1 59 -1 57 
4 4.715500e+02 5.000000e+01 1011 1012 60 59 -1 60 -1 58 
4 4.825000e+02 5.000000e+01 1012 1013 61 60 -1 61 -1 59 
4 4.935500e+02 5.000000e+01 1013 1014 62 61 -1 62 -1 60 
4 5.047000e+02 5.000000e+01 1014 1015 63 62 -1 63 -1 61 
4 5.159500e+02 5.000000e+01 1015 1016 64 63 -1 64 -1 62 
4 5.273000e+02 5.000000e+01 1016 1017 65 64 -1 65 -1 63 
4 5.387500e+02 5.000000e+01 1017 1018 66 65 -1 66 -1 64 
4 5.503000e+02 5.000000e+01 1018 1019 67 66 -1 67 -1 65 
4 5.619500e+02 5.000000e+01 1019 1020 68 67 -1 68 -1 66 
4 5.737000e+02 5.000000e+01 1020 1021 69 68 -1 69 -1 67 
4 5.855500e+02 5.000000e+01 1021 1022 70 69 -1 70 -1 68 
4 5.975000e+02 5.000000e+01 1022 1023 71 70 -1 71 -1 69 
4 6.095500e+02 5.000000e+01 1023 1024 72 71 -1 72 -1 70 
4 6.217000e+02 5.000000e+01 1024 1025 73 72 -1 73 -1 71 
4 6.339500e+02 5.000000e+01 1025 1026 74 73 -1 74 -1 72 
4 6.463000e+02 5.000000e+01 1026 1027 75 74 -1 75 -1 73 
4 6.587500e+02 5.000000e+01 1027 1028 76 75 -1 76 -1 74 
4 6.713000e+02 5.000000e+01 1028 1029 77 76 -1 77 -1 75 
4 6.839500e+02 5.000000e+01 1029 1030 78 77 -1 78 -1 76 
4 6.967000e+02 5.000000e+01 1030 1031 79 78 -1 79 -1 77 
4 7.095500e+02 5.000000e+01 1031 1032 80 79 -1 80 -1 78 
4 7.225000e+02 5.000000e+01 1032 1033 81 80 -1 81 -1 79 
4 7.355500e+02 5.000000e+01 1033 1034 82 81 -1 82 -1 80 
4 7.487000e+02 5.000000e+01 1034 1035 83 82 -1 83 -1 81 
4 7.619500e+02 5.000000e+01 1035 1036 84 83 -1 84 -1 82 
4 7.753000e+02 5.000000e+01 1036 1037 85 84 -1 85 -1 83 
4 7.887500e+02 5.000000e+01 1037 1038 86 85 -1 86 -1 84 
4 8.023000e+02 5.000000e+01 1038 1039 87 86 -1 87 -1 85 
4 8.159500e+02 5.000000e+01 1039 1040 88 87 -1 88 -1 86 
4 8.297000e+02 5.000000e+01 1040 1041 89 88 -1 89 -1 87 
4 8.435500e+02 5.000000e+01 1041 1042 90 89 -1 90 -1 88 
4 8.575000e+02 5.000000e+01 1042 1043 91 90 -1 91 -1 89 
4 8.715500e+02 5.000000e+01 1043 1044 92 91 -1 92 -1 90 
4 8.857000e+02 5.000000e+01 1044 1045 93 92 -1 93 -1 91 
4 8.999500e+02 5.000000e+01 1045 1046 94 93 -1 94 -1 92 
4 9.143000e+02 5.000000e+01 1046 1047 95 94 -1 95 -1 93 
4 9.287500e+02 5.000000e+01 1047 1048 96 95 -1 96 -1 94 
4 9.433000e+02 5.000000e+01 1048 1049 97 96 -1 97 -1 95 
4 9.579500e+02 5.000000e+01 1049 1050 98 97 -1 98 -1 96 
4 9.727000e+02 5.000000e+01 1050 1051 99 98 -1 99 -1 97 
4 9.875500e+02 5.000000e+01 1051 1052 100 99 -1 100 -1 98 
4 1.002500e+03 5.000000e+01 1052 1053 101 100 -1 101 -1 99 
4 1.017550e+03 5.000000e+01 1053 1054 102 101 -1 102 -1 100 
4 1.032700e+03 5.000000e+01 1054 1055 103 102 -1 103 -1 101 
4 1.047950e+03 5.000000e+01 1055 1056 104 103 -1 104 -1 102 
4 1.063300e+03 5.000000e+01 1056 1057 105 104 -1 105 -1 103 
4 1.078750e+03 5.000000e+01 1057 1058 106 105 -1 106 -1 104 
4 1.094300e+03 5.000000e+01 1058 1059 107 106 -1 107 -1 105 
4 1.109950e+03 5.000000e+01 1059 1060 108 107 -1 108 -1 106 
4 1.125700e+03 5.000000e+01 1060 1061 109 108 -1 109 -1 107 
4 1.141550e+03 5.000000e+01 1061 1062 110 109 -1 110 -1 108 
4 1.157500e+03 5.000000e+01 1062 1063 111 110 -1 111 -1 109 
4 1.173550e+03 5.000000e+01 1063 1064 112 111 -1 112 -1 110 
4 1.189700e+03 5.000000e+01 1064 1065 113 112 -1 113 -1 111 
4 1.205950e+03 5.000000e+01 1065 1066 114 113 -1 114 -1 112 
4 1.222300e+03 5.000000e+01 1066 1067 115 114 -1 115 -1 113 
4 1.238750e+03 5.000000e+01 1067 1068 116 115 -1 116 -1 114 
4 1.255300e+03 5.000000e+01 1068 1069 117 116 -1 117 -1 115 
4 1.271950e+03 5.000000e+01 1069 1070 118 117 -1 118 -1 116 
4 1.288700e+03 5.000000e+01 1070 1071 119 118 -1 119 -1 117 
4 1.305550e+03 5.000000e+01 1071 1072 120 119 -1 120 -1 118 
4 1.322500e+03 5.000000e+01 1072 1073 121 120 -1 121 -1 119 
4 1.339550e+03 5.000000e+01 1073 1074 122 121 -1 122 -1 120 
4 1.356700e+03 5.000000e+01 1074 1075 123 122 -1 123 -1 121 
4 1.373950e+03 5.000000e+01 1075 1076 124 123 -1 124 -1 122 
4 1.391300e+03 5.000000e+01 1076 1077 125 124 -1 125 -1 123 
4 1.408750e+03 5.000000e+01 1077 1078 126 125 -1 126 -1 124 
4 1.426300e+03 5.000000e+01 1078 1079 127 126 -1 127 -1 125 
4 1.443950e+03 5.000000e+01 1079 1080 128 127 -1 128 -1 126 
4 1.461700e+03 5.000000e+01 1080 1081 129 128 -1 129 -1 127 
4 1.479550e+03 5.000000e+01 1081 1082 130 129 -1 130 -1 128 
4 1.497500e+03 5.000000e+01 1082 1083 131 130 -1 131 -1 129 
4 1.515550e+03 5.000000e+01 1083 1084 132 131 -1 132 -1 130 
4 1.533700e+03 5.000000e+01 1084 1085 133 132 -1 133 -1 131 
4 1.551950e+03 5.000000e+01 1085 1086 134 133 -1 134 -1 132 
4 1.570300e+03 5.000000e+01 1086 1087 135 134 -1 135 -1 133 
4 1.588750e+03 5.000000e+01 1087 1088 136 135 -1 136 -1 134 
4 1.607300e+03 5.000000e+01 1088 1089 137 136 -1 137 -1 135 
4 1.625950e+03 5.000000e+01 1089 1090 138 137 -1 138 -1 136 
4 1.644700e+03 5.000000e+01 1090 1091 139 138 -1 139 -1 137 
4 1.663550e+03 5.000000e+01 1091 1092 140 139 -1 140 -1 138 
4 1.682500e+03 5.000000e+01 1092 1093 141 140 -1 141 -1 139 
4 1.701550e+03 5.000000e+01 1093 1094 142 141 -1 142 -1 140 
4 1.720700e+03 5.000000e+01 1094 1095 143 142 -1 143 -1 141 
4 1.739950e+03 5.000000e+01 1095 1096 144 143 -1 144 -1 142 
4 1.759300e+03 5.000000e+01 1096 1097 145 144 -1 145 -1 143 
4 1.778750e+03 5.000000e+01 1097 1098 146 145 -1 146 -1 144 
4 1.798300e+03 5.000000e+01 1098 1099 147 146 -1 147 -1 145 
4 1.817950e+03 5.000000e+01 1099 1100 148 147 -1 148 -1 146 
4 1.837700e+03 5.000000e+01 1100 1101 149 148 -1 149 -1 147 
4 1.857550e+03 5.000000e+01 1101 1102 150 149 -1 150 -1 148 
4 1.877500e+03 5.000000e+01 1102 1103 151 150 -1 151 -1 149 
4 1.897550e+03 5.000000e+01 1103 1104 152 151 -1 152 -1 150 
4 1.917700e+03 5.000000e+01 1104 1105 153 152 -1 153 -1 151 
4 1.937950e+03 5.000000e+01 1105 1106 154 153 -1 154 -1 152 
4 1.958300e+03 5.000000e+01 1106 1107 155 154 -1 155 -1 153 
4 1.978750e+03 5.000000e+01 1107 1108 156 155 -1 156 -1 154 
4 1.999300e+03 5.000000e+01 1108 1109 157 156 -1 157 -1 155 
4 2.019950e+03 5.000000e+01 1109 1110 158 157 -1 158 -1 156 
4 2.040700e+03 5.000000e+01 1110 1111 159 158 -1 159 -1 157 
4 2.061550e+03 5.000000e+01 1111 1112 160 159 -1 160 -1 158 
4 2.082500e+03 5.000000e+01 1112 1113 161 160 -1 161 -1 159 
4 2.103550e+03 5.000000e+01 1113 1114 162 161 -1 162 -1 160 
4 2.124700e+03 5.000000e+01 1114 1115 163 162 -1 163 -1 161 
4 2.145950e+03 5.000000e+01 1115 1116 164 163 -1 164 -1 162 
4 2.167300e+03 5.000000e+01 1116 1117 165 164 -1 165 -1 163 
4 2.188750e+03 5.000000e+01 1117 1118 166 165 -1 166 -1 164 
4 2.210300e+03 5.000000e+01 1118 1119 167 166 -1 167 -1 165 
4 2.231950e+03 5.000000e+01 1119 1120 168 167 -1 168 -1 166 
4 2.253700e+03 5.000000e+01 1120 1121 169 168 -1 169 -1 167 
4 2.275550e+03 5.000000e+01 1121 1122 170 169 -1 170 -1 168 
4 2.297500e+03 5.000000e+01 1122 1123 171 170 -1 171 -1 169 
4 2.319550e+03 5.000000e+01 1123 1124 172 171 -1 172 -1 170 
4 2.341700e+03 5.000000e+01 1124 1125 173 172 -1 173 -1 171 
4 2.363950e+03 5.000000e+01 1125 1126 174 173 -1 174 -1 172 
4 2.386300e+03 5.000000e+01 1126 1127 175 174 -1 175 -1 173 
4 2.408750e+03 5.000000e+01 1127 1128 176 175 -1 176 -1 174 
4 2.431300e+03 5.000000e+01 1128 1129 177 176 -1 177 -1 175 
4 2.453950e+03 5.000000e+01 1129 1130 178 177 -1 178 -1 176 
4 2.476700e+03 5.000000e+01 1130 1131 179 178 -1 179 -1 177 
4 2.499550e+03 5.000000e+01 1131 1132 180 179 -1 180 -1 178 
4 2.522500e+03 5.000000e+01 1132 1133 181 180 -1 181 -1 179 
4 2.545550e+03 5.000000e+01 1133 1134 182 181 -1 182 -1 180 
4 2.568700e+03 5.000000e+01 1134 1135 183 182 -1 183 -1 181 
4 2.591950e+03 5.000000e+01 1135 1136 184 183 -1 184 -1 182 
4 2.615300e+03 5.000000e+01 1136 1137 185 184 -1 185 -1 183 
4 2.638750e+03 5.000000e+01 1137 1138 186 185 -1 186 -1 184 
4 2.662300e+03 5.000000e+01 1138 1139 187 186 -1 187 -1 185 
4 2.685950e+03 5.000000e+01 1139 1140 188 187 -1 188 -1 186 
4 2.709700e+03 5.000000e+01 1140 1141 189 188 -1 189 -1 187 
4 2.733550e+03 5.000000e+01 1141 1142 190 189 -1 190 -1 188 
4 2.757500e+03 5.000000e+01 1142 1143 191 190 -1 191 -1 189 
4 2.781550e+03 5.000000e+01 1143 1144 192 191 -1 192 -1 190 
4 2.805700e+03 5.000000e+01 1144 1145 193 192 -1 193 -1 191 
4 2.829950e+03 5.000000e+01 1145 1146 194 193 -1 194 -1 192 
4 2.854300e+03 5.000000e+01 1146 1147 195 194 -1 195 -1 193 
4 2.878750e+03 5.000000e+01 1147 1148 196 195 -1 196 -1 194 
4 2.903300e+03 5.000000e+01 1148 1149 197 196 -1 197 -1 195 
4 2.927950e+03 5.000000e+01 1149 1150 198 197 -1 198 -1 196 
4 2.952700e+03 5.000000e+01 1150 1151 199 198 -1 199 -1 197 
4 2.977550e+03 5.000000e+01 1151 1152 200 199 -1 200 -1 198 
4 3.002500e+03 5.000000e+01 1152 1153 201 200 -1 201 -1 199 
4 3.027550e+03 5.000000e+01 1153 1154 202 201 -1 202 -1 200 
4 3.052700e+03 5.000000e+01 1154 1155 203 202 -1 203 -1 201 
4 3.077950e+03 5.000000e+01 1155 1156 204 203 -1 204 -1 202 
4 3.103300e+03 5.000000e+01 1156 1157 205 204 -1 205 -1 203 
4 3.128750e+03 5.000000e+01 1157 1158 206 205 -1 206 -1 204 
4 3.154300e+03 5.000000e+01 1158 1159 207 206 -1 207 -1 205 
4 3.179950e+03 5.000000e+01 1159 1160 208 207 -1 208 -1 206 
4 3.205700e+03 5.000000e+01 1160 1161 209 208 -1 209 -1 207 
4 3.231550e+03 5.000000e+01 1161 1162 210 209 -1 210 -1 208 
4 3.257500e+03 5.000000e+01 1162 1163 211 210 -1 211 -1 209 
4 3.283550e+03 5.000000e+01 1163 1164 212 211 -1 212 -1 210 
4 3.309700e+03 5.000000e+01 1164 1165 213 212 -1 213 -1 211 
4 3.335950e+03 5.000000e+01 1165 1166 214 213 -1 214 -1 212 
4 3.362300e+03 5.000000e+01 1166 1167 215 214 -1 215 -1 213 
4 3.388750e+03 5.000000e+01 1167 1168 216 215 -1 216 -1 214 
4 3.415300e+03 5.000000e+01 1168 1169 217 216 -1 217 -1 215 
4 3.441950e+03 5.000000e+01 1169 1170 218 217 -1 218 -1 216 
4 3.468700e+03 5.000000e+01 1170 1171 219 218 -1 219 -1 217 
4 3.495550e+03 5.000000e+01 1171 1172 220 219 -1 220 -1 218 
4 3.522500e+03 5.000000e+01 1172 1173 221 220 -1 221 -1 219 
4 3.549550e+03 5.000000e+01 1173 1174 222 221 -1 222 -1 220 
4 3.576700e+03 5.000000e+01 1174 1175 223 222 -1 223 -1 221 
4 3.603950e+03 5.000000e+01 1175 1176 224 223 -1 224 -1 222 
4 3.631300e+03 5.000000e+01 1176 1177 225 224 -1 225 -1 223 
4 3.658750e+03 5.000000e+01 1177 1178 226 225 -1 226 -1 224 
4 3.686300e+03 5.000000e+01 1178 1179 227 226 -1 227 -1 225 
4 3.713950e+03 5.000000e+01 1179 1180 228 227 -1 228 -1 226 
4 3.741700e+03 5.000000e+01 1180 1181 229 228 -1 229 -1 227 
4 3.769550e+03 5.000000e+01 1181 1182 230 229 -1 230 -1 228 
4 3.797500e+03 5.000000e+01 1182 1183 231 230 -1 231 -1 229 
4 3.825550e+03 5.000000e+01 1183 1184 232 231 -1 232 -1 230 
4 3.853700e+03 5.000000e+01 1184 1185 233 232 -1 233 -1 231 
4 3.881950e+03 5.000000e+01 1185 1186 234 233 -1 234 -1 232 
4 3.910300e+03 5.000000e+01 1186 1187 235 234 -1 235 -1 233 
4 3.938750e+03 5.000000e+01 1187 1188 236 235 -1 236 -1 234 
4 3.967300e+03 5.000000e+01 1188 1189 237 236 -1 237 -1 235 
4 3.995950e+03 5.000000e+01 1189 1190 238 237 -1 238 -1 236 
4 4.024700e+03 5.000000e+01 1190 1191 239 238 -1 239 -1 237 
4 4.053550e+03 5.000000e+01 1191 1192 240 239 -1 240 -1 238 
4 4.082500e+03 5.000000e+01 1192 1193 241 240 -1 241 -1 239 
4 4.111550e+03 5.000000e+01 1193 1194 242 241 -1 242 -1 240 
4 4.140700e+03 5.000000e+01 1194 1195 243 242 -1 243 -1 241 
4 4.169950e+03 5.000000e+01 1195 1196 244 243 -1 244 -1 242 
4 4.199300e+03 5.000000e+01 1196 1197 245 244 -1 245 -1 243 
4 4.228750e+03 5.000000e+01 1197 1198 246 245 -1 246 -1 244 
4 4.258300e+03 5.000000e+01 1198 1199 247 246 -1 247 -1 245 
4 4.287950e+03 5.000000e+01 1199 1200 248 247 -1 248 -1 246 
4 4.317700e+03 5.000000e+01 1200 1201 249 248 -1 249 -1 247 
4 4.347550e+03 5.000000e+01 1201 1202 250 249 -1 250 -1 248 
4 4.377500e+03 5.000000e+01 1202 1203 251 250 -1 251 -1 249 
4 4.407550e+03 5.000000e+01 1203 1204 252 251 -1 252 -1 250 
4 4.437700e+03 5.000000e+01 1204 1205 253 252 -1 253 -1 251 
4 4.467950e+03 5.000000e+01 1205 1206 254 253 -1 254 -1 252 
4 4.498300e+03 5.000000e+01 1206 1207 255 254 -1 255 -1 253 
4 4.528750e+03 5.000000e+01 1207 1208 256 255 -1 256 -1 254 
4 4.559300e+03 5.000000e+01 1208 1209 257 256 -1 257 -1 255 
4 4.589950e+03 5.000000e+01 1209 1210 258 257 -1 258 -1 256 
4 4.620700e+03 5.000000e+01 1210 1211 259 258 -1 259 -1 257 
4 4.651550e+03 5.000000e+01 1211 1212 260 259 -1 260 -1 258 
4 4.682500e+03 5.000000e+01 1212 1213 261 260 -1 261 -1 259 
4 4.713550e+03 5.000000e+01 1213 1214 262 261 -1 262 -1 260 
4 4.744700e+03 5.000000e+01 1214 1215 263 262 -1 263 -1 261 
4 4.775950e+03 5.000000e+01 1215 1216 264 263 -1 264 -1 262 
4 4.807300e+03 5.000000e+01 1216 1217 265 264 -1 265 -1 263 
4 4.838750e+03 5.000000e+01 1217 1218 266 265 -1 266 -1 264 
4 4.870300e+03 5.000000e+01 1218 1219 267 266 -1 267 -1 265 
4 4.901950e+03 5.000000e+01 1219 1220 268 267 -1 268 -1 266 
4 4.933700e+03 5.000000e+01 1220 1221 269 268 -1 269 -1 267 
4 4.965550e+03 5.000000e+01 1221 1222 270 269 -1 270 -1 268 
4 4.997500e+03 5.000000e+01 1222 1223 271 270 -1 271 -1 269 
4 5.029550e+03 5.000000e+01 1223 1224 272 271 -1 272 -1 270 
4 5.061700e+03 5.000000e+01 1224 1225 273 272 -1 273 -1 271 
4 5.093950e+03 5.000000e+01 1225 1226 274 273 -1 274 -1 272 
4 5.126300e+03 5.000000e+01 1226 1227 275 274 -1 275 -1 273 
4 5.158750e+03 5.000000e+01 1227 1228 276 275 -1 276 -1 274 
4 5.191300e+03 5.000000e+01 1228 1229 277 276 -1 277 -1 275 
4 5.223950e+03 5.000000e+01 1229 1230 278 277 -1 278 -1 276 
4 5.256700e+03 5.000000e+01 1230 1231 279 278 -1 279 -1 277 
4 5.289550e+03 5.000000e+01 1231 1232 280 279 -1 280 -1 278 
4 5.322500e+03 5.000000e+01 1232 1233 281 280 -1 281 -1 279 
4 5.355550e+03 5.000000e+01 1233 1234 282 281 -1 282 -1 280 
4 5.388700e+03 5.000000e+01 1234 1235 283 282 -1 283 -1 281 
4 5.421950e+03 5.000000e+01 1235 1236 284 283 -1 284 -1 282 
4 5.455300e+03 5.000000e+01 1236 1237 285 284 -1 285 -1 283 
4 5.488750e+03 5.000000e+01 1237 1238 286 285 -1 286 -1 284 
4 5.522300e+03 5.000000e+01 1238 1239 287 286 -1 287 -1 285 
4 5.555950e+03 5.000000e+01 1239 1240 288 287 -1 288 -1 286 
4 5.589700e+03 5.000000e+01 1240 1241 289 288 -1 289 -1 287 
4 5.623550e+03 5.000000e+01 1241 1242 290 289 -1 290 -1 288 
4 5.657500e+03 5.000000e+01 1242 1243 291 290 -1 291 -1 289 
4 5.691550e+03 5.000000e+01 1243 1244 292 291 -1 292 -1 290 
4 5.725700e+03 5.000000e+01 1244 1245 293 292 -1 293 -1 291 
4 5.759950e+03 5.000000e+01 1245 1246 294 293 -1 294 -1 292 
4 5.794300e+03 5.000000e+01 1246 1247 295 294 -1 295 -1 293 
4 5.828750e+03 5.000000e+01 1247 1248 296 295 -1 296 -1 294 
4 5.863300e+03 5.000000e+01 1248 1249 297 296 -1 297 -1 295 
4 5.897950e+03 5.000000e+01 1249 1250 298 297 -1 298 -1 296 
4 5.932700e+03 5.000000e+01 1250 1251 299 298 -1 299 -1 297 
4 5.967550e+03 5.000000e+01 1251 1252 300 299 -1 300 -1 298 
4 6.002500e+03 5.000000e+01 1252 1253 301 300 -1 301 -1 299 
4 6.037550e+03 5.000000e+01 1253 1254 302 301 -1 302 -1 300 
4 6.072700e+03 5.000000e+01 1254 1255 303 302 -1 303 -1 301 
4 6.107950e+03 5.000000e+01 1255 1256 304 303 -1 304 -1 302 
4 6.143300e+03 5.000000e+01 1256 1257 305 304 -1 305 -1 303 
4 6.178750e+03 5.000000e+01 1257 1258 306 305 -1 306 -1 304 
4 6.214300e+03 5.000000e+01 1258 1259 307 306 -1 307 -1 305 
4 6.249950e+03 5.000000e+01 1259 1260 308 307 -1 308 -1 306 
4 6.285700e+03 5.000000e+01 1260 1261 309 308 -1 309 -1 307 
4 6.321550e+03 5.000000e+01 1261 1262 310 309 -1 310 -1 308 
4 6.357500e+03 5.000000e+01 1262 1263 311 310 -1 311 -1 309 
4 6.393550e+03 5.000000e+01 1263 1264 312 311 -1 312 -1 310 
4 6.429700e+03 5.000000e+01 1264 1265 313 312 -1 313 -1 311 
4 6.465950e+03 5.000000e+01 1265 1266 314 313 -1 314 -1 312 
4 6.502300e+03 5.000000e+01 1266 1267 315 314 -1 315 -1 313 
4 6.538750e+03 5.000000e+01 1267 1268 316 315 -1 316 -1 314 
4 6.575300e+03 5.000000e+01 1268 1269 317 316 -1 317 -1 315 
4 6.611950e+03 5.000000e+01 1269 1270 318 317 -1 318 -1 316 
4 6.648700e+03 5.000000e+01 1270 1271 319 318 -1 319 -1 317 
4 6.685550e+03 5.000000e+01 1271 1272 320 319 -1 320 -1 318 
4 6.722500e+03 5.000000e+01 1272 1273 321 320 -1 321 -1 319 
4 6.759550e+03 5.000000e+01 1273 1274 322 321 -1 322 -1 320 
4 6.796700e+03 5.000000e+01 1274 1275 323 322 -1 323 -1 321 
4 6.833950e+03 5.000000e+01 1275 1276 324 323 -1 324 -1 322 
4 6.871300e+03 5.000000e+01 1276 1277 325 324 -1 325 -1 323 
4 6.908750e+03 5.000000e+01 1277 1278 326 325 -1 326 -1 324 
4 6.946300e+03 5.000000e+01 1278 1279 327 326 -1 327 -1 325 
4 6.983950e+03 5.000000e+01 1279 1280 328 327 -1 328 -1 326 
4 7.021700e+03 5.000000e+01 1280 1281 329 328 -1 329 -1 327 
4 7.059550e+03 5.000000e+01 1281 1282 330 329 -1 330 -1 328 
4 7.097500e+03 5.000000e+01 1282 1283 331 330 -1 331 -1 329 
4 7.135550e+03 5.000000e+01 1283 1284 332 331 -1 332 -1 330 
4 7.173700e+03 5.000000e+01 1284 1285 333 332 -1 333 -1 331 
4 7.211950e+03 5.000000e+01 1285 1286 334 333 -1 334 -1 332 
4 7.250300e+03 5.000000e+01 1286 1287 335 334 -1 335 -1 333 
4 7.288750e+03 5.000000e+01 1287 1288 336 335 -1 336 -1 334 
4 7.327300e+03 5.000000e+01 1288 1289 337 336 -1 337 -1 335 
4 7.365950e+03 5.000000e+01 1289 1290 338 337 -1 338 -1 336 
4 7.404700e+03 5.000000e+01 1290 1291 339 338 -1 339 -1 337 
4 7.443550e+03 5.000000e+01 1291 1292 340 339 -1 340 -1 338 
4 7.482500e+03 5.000000e+01 1292 1293 341 340 -1 341 -1 339 
4 7.521550e+03 5.000000e+01 1293 1294 342 341 -1 342 -1 340 
4 7.560700e+03 5.000000e+01 1294 1295 343 342 -1 343 -1 341 
4 7.599950e+03 5.000000e+01 1295 1296 344 343 -1 344 -1 342 
4 7.639300e+03 5.000000e+01 1296 1297 345 344 -1 345 -1 343 
4 7.678750e+03 5.000000e+01 1297 1298 346 345 -1 346 -1 344 
4 7.718300e+03 5.000000e+01 1298 1299 347 346 -1 347 -1 345 
4 7.757950e+03 5.000000e+01 1299 1300 348 347 -1 348 -1 346 
4 7.797700e+03 5.000000e+01 1300 1301 349 348 -1 349 -1 347 
4 7.837550e+03 5.000000e+01 1301 1302 350 349 -1 350 -1 348 
4 7.877500e+03 5.000000e+01 1302 1303 351 350 -1 351 -1 349 
4 7.917550e+03 5.000000e+01 1303 1304 352 351 -1 352 -1 350 
4 7.957700e+03 5.000000e+01 1304 1305 353 352 -1 353 -1 351 
4 7.997950e+03 5.000000e+01 1305 1306 354 353 -1 354 -1 352 
4 8.038300e+03 5.000000e+01 1306 1307 355 354 -1 355 -1 353 
4 8.078750e+03 5.000000e+01 1307 1308 356 355 -1 356 -1 354 
4 8.119300e+03 5.000000e+01 1308 1309 357 356 -1 357 -1 355 
4 8.159950e+03 5.000000e+01 1309 1310 358 357 -1 358 -1 356 
4 8.200700e+03 5.000000e+01 1310 1311 359 358 -1 359 -1 357 
4 8.241550e+03 5.000000e+01 1311 1312 360 359 -1 360 -1 358 
4 8.282500e+03 5.000000e+01 1312 1313 361 360 -1 361 -1 359 
4 8.323550e+03 5.000000e+01 1313 1314 362 361 -1 362 -1 360 
4 8.364700e+03 5.000000e+01 1314 1315 363 362 -1 363 -1 361 
4 8.405950e+03 5.000000e+01 1315 1316 364 363 -1 364 -1 362 
4 8.447300e+03 5.000000e+01 1316 1317 365 364 -1 365 -1 363 
4 8.488750e+03 5.000000e+01 1317 1318 366 365 -1 366 -1 364 
4 8.530300e+03 5.000000e+01 1318 1319 367 366 -1 367 -1 365 
4 8.571950e+03 5.000000e+01 1319 1320 368 367 -1 368 -1 366 
4 8.613700e+03 5.000000e+01 1320 1321 369 368 -1 369 -1 367 
4 8.655550e+03 5.000000e+01 1321 1322 370 369 -1 370 -1 368 
4 8.697500e+03 5.000000e+01 1322 1323 371 370 -1 371 -1 369 
4 8.739550e+03 5.000000e+01 1323 1324 372 371 -1 372 -1 370 
4 8.781700e+03 5.000000e+01 1324 1325 373 372 -1 373 -1 371 
4 8.823950e+03 5.000000e+01 1325 1326 374 373 -1 374 -1 372 
4 8.866300e+03 5.000000e+01 1326 1327 375 374 -1 375 -1 373 
4 8.908750e+03 5.000000e+01 1327 1328 376 375 -1 376 -1 374 
4 8.951300e+03 5.000000e+01 1328 1329 377 376 -1 377 -1 375 
4 8.993950e+03 5.000000e+01 1329 1330 378 377 -1 378 -1 376 
4 9.036700e+03 5.000000e+01 1330 1331 379 378 -1 379 -1 377 
4 9.079550e+03 5.000000e+01 1331 1332 380 379 -1 380 -1 378 
4 9.122500e+03 5.000000e+01 1332 1333 381 380 -1 381 -1 379 
4 9.165550e+03 5.000000e+01 1333 1334 382 381 -1 382 -1 380 
4 9.208700e+03 5.000000e+01 1334 1335 383 382 -1 383 -1 381 
4 9.251950e+03 5.000000e+01 1335 1336 384 383 -1 384 -1 382 
4 9.295300e+03 5.000000e+01 1336 1337 385 384 -1 385 -1 383 
4 9.338750e+03 5.000000e+01 1337 1338 386 385 -1 386 -1 384 
4 9.382300e+03 5.000000e+01 1338 1339 387 386 -1 387 -1 385 
4 9.425950e+03 5.000000e+01 1339 1340 388 387 -1 388 -1 386 
4 9.469700e+03 5.000000e+01 1340 1341 389 388 -1 389 -1 387 
4 9.513550e+03 5.000000e+01 1341 1342 390 389 -1 390 -1 388 
4 9.557500e+03 5.000000e+01 1342 1343 391 390 -1 391 -1 389 
4 9.601550e+03 5.000000e+01 1343 1344 392 391 -1 392 -1 390 
4 9.645700e+03 5.000000e+01 1344 1345 393 392 -1 393 -1 391 
4 9.689950e+03 5.000000e+01 1345 1346 394 393 -1 394 -1 392 
4 9.734300e+03 5.000000e+01 1346 1347 395 394 -1 395 -1 393 
4 9.778750e+03 5.000000e+01 1347 1348 396 395 -1 396 -1 394 
4 9.823300e+03 5.000000e+01 1348 1349 397 396 -1 397 -1 395 
4 9.867950e+03 5.000000e+01 1349 1350 398 397 -1 398 -1 396 
4 9.912700e+03 5.000000e+01 1350 1351 399 398 -1 399 -1 397 
4 9.957550e+03 5.000000e+01 1351 1352 400 399 -1 400 -1 398 
4 1.000250e+04 5.000000e+01 1352 1353 401 400 -1 401 -1 399 
4 1.004755e+04 5.000000e+01 1353 1354 402 401 -1 402 -1 400 
4 1.009270e+04 5.000000e+01 1354 1355 403 402 -1 403 -1 401 
4 1.013795e+04 5.000000e+01 1355 1356 404 403 -1 404 -1 402 
4 1.018330e+04 5.000000e+01 1356 1357 405 404 -1 405 -1 403 
4 1.022875e+04 5.000000e+01 1357 1358 406 405 -1 406 -1 404 
4 1.027430e+04 5.000000e+01 1358 1359 407 406 -1 407 -1 405 
4 1.031995e+04 5.000000e+01 1359 1360 408 407 -1 408 -1 406 
4 1.036570e+04 5.000000e+01 1360 1361 409 408 -1 409 -1 407 
4 1.041155e+04 5.000000e+01 1361 1362 410 409 -1 410 -1 408 
4 1.045750e+04 5.000000e+01 1362 1363 411 410 -1 411 -1 409 
4 1.050355e+04 5.000000e+01 1363 1364 412 411 -1 412 -1 410 
4 1.054970e+04 5.000000e+01 1364 1365 413 412 -1 413 -1 411 
4 1.059595e+04 5.000000e+01 1365 1366 414 413 -1 414 -1 412 
4 1.064230e+04 5.000000e+01 1366 1367 415 414 -1 415 -1 413 
4 1.068875e+04 5.000000e+01 1367 1368 416 415 -1 416 -1 414 
4 1.073530e+04 5.000000e+01 1368 1369 417 416 -1 417 -1 415 
4 1.078195e+04 5.000000e+01 1369 1370 418 417 -1 418 -1 416 
4 1.082870e+04 5.000000e+01 1370 1371 419 418 -1 419 -1 417 
4 1.087555e+04 5.000000e+01 1371 1372 420 419 -1 420 -1 418 
4 1.092250e+04 5.000000e+01 1372 1373 421 420 -1 421 -1 419 
4 1.096955e+04 5.000000e+01 1373 1374 422 421 -1 422 -1 420 
4 1.101670e+04 5.000000e+01 1374 1375 423 422 -1 423 -1 421 
4 1.106395e+04 5.000000e+01 1375 1376 424 423 -1 424 -1 422 
4 1.111130e+04 5.000000e+01 1376 1377 425 424 -1 425 -1 423 
4 1.115875e+04 5.000000e+01 1377 1378 426 425 -1 426 -1 424 
4 1.120630e+04 5.000000e+01 1378 1379 427 426 -1 427 -1 425 
4 1.125395e+04 5.000000e+01 1379 1380 428 427 -1 428 -1 426 
4 1.130170e+04 5.000000e+01 1380 1381 429 428 -1 429 -1 427 
4 1.134955e+04 5.000000e+01 1381 1382 430 429 -1 430 -1 428 
4 1.139750e+04 5.000000e+01 1382 1383 431 430 -1 431 -1 429 
4 1.144555e+04 5.000000e+01 1383 1384 432 431 -1 432 -1 430 
4 1.149370e+04 5.000000e+01 1384 1385 433 432 -1 433 -1 431 
4 1.154195e+04 5.000000e+01 1385 1386 434 433 -1 434 -1 432 
4 1.159030e+04 5.000000e+01 1386 1387 435 434 -1 435 -1 433 
4 1.163875e+04 5.000000e+01 1387 1388 436 435 -1 436 -1 434 
4 1.168730e+04 5.000000e+01 1388 1389 437 436 -1 437 -1 435 
4 1.173595e+04 5.000000e+01 1389 1390 438 437 -1 438 -1 436 
4 1.178470e+04 5.000000e+01 1390 1391 439 438 -1 439 -1 437 
4 1.183355e+04 5.000000e+01 1391 1392 440 439 -1 440 -1 438 
4 1.188250e+04 5.000000e+01 1392 1393 441 440 -1 441 -1 439 
4 1.193155e+04 5.000000e+01 1393 1394 442 441 -1 442 -1 440 
4 1.198070e+04 5.000000e+01 1394 1395 443 442 -1 443 -1 441 
4 1.202995e+04 5.000000e+01 1395 1396 444 443 -1 444 -1 442 
4 1.207930e+04 5.000000e+01 1396 1397 445 444 -1 445 -1 443 
4 1.212875e+04 5.000000e+01 1397 1398 446 445 -1 446 -1 444 
4 1.217830e+04 5.000000e+01 1398 1399 447 446 -1 447 -1 445 
4 1.222795e+04 5.000000e+01 1399 1400 448 447 -1 448 -1 446 
4 1.227770e+04 5.000000e+01 1400 1401 449 448 -1 449 -1 447 
4 1.232755e+04 5.000000e+01 1401 1402 450 449 -1 450 -1 448 
4 1.237750e+04 5.000000e+01 1402 1403 451 450 -1 451 -1 449 
4 1.242755e+04 5.000000e+01 1403 1404 452 451 -1 452 -1 450 
4 1.247770e+04 5.000000e+01 1404 1405 453 452 -1 453 -1 451 
4 1.252795e+04 5.000000e+01 1405 1406 454 453 -1 454 -1 452 
4 1.257830e+04 5.000000e+01 1406 1407 455 454 -1 455 -1 453 
4 1.262875e+04 5.000000e+01 1407 1408 456 455 -1 456 -1 454 
4 1.267930e+04 5.000000e+01 1408 1409 457 456 -1 457 -1 455 
4 1.272995e+04 5.000000e+01 1409 1410 458 457 -1 458 -1 456 
4 1.278070e+04 5.000000e+01 1410 1411 459 458 -1 459 -1 457 
4 1.283155e+04 5.000000e+01 1411 1412 460 459 -1 460 -1 458 
4 1.288250e+04 5.000000e+01 1412 1413 461 460 -1 461 -1 459 
4 1.293355e+04 5.000000e+01 1413 1414 462 461 -1 462 -1 460 
4 1.298470e+04 5.000000e+01 1414 1415 463 462 -1 463 -1 461 
4 1.303595e+04 5.000000e+01 1415 1416 464 463 -1 464 -1 462 
4 1.308730e+04 5.000000e+01 1416 1417 465 464 -1 465 -1 463 
4 1.313875e+04 5.000000e+01 1417 1418 466 465 -1 466 -1 464 
4 1.319030e+04 5.000000e+01 1418 1419 467 466 -1 467 -1 465 
4 1.324195e+04 5.000000e+01 1419 1420 468 467 -1 468 -1 466 
4 1.329370e+04 5.000000e+01 1420 1421 469 468 -1 469 -1 467 
4 1.334555e+04 5.000000e+01 1421 1422 470 469 -1 470 -1 468 
4 1.339750e+04 5.000000e+01 1422 1423 471 470 -1 471 -1 469 
4 1.344955e+04 5.000000e+01 1423 1424 472 471 -1 472 -1 470 
4 1.350170e+04 5.000000e+01 1424 1425 473 472 -1 473 -1 471 
4 1.355395e+04 5.000000e+01 1425 1426 474 473 -1 474 -1 472 
4 1.360630e+04 5.000000e+01 1426 1427 475 474 -1 475 -1 473 
4 1.365875e+04 5.000000e+01 1427 1428 476 475 -1 476 -1 474 
4 1.371130e+04 5.000000e+01 1428 1429 477 476 -1 477 -1 475 
4 1.376395e+04 5.000000e+01 1429 1430 478 477 -1 478 -1 476 
4 1.381670e+04 5.000000e+01 1430 1431 479 478 -1 479 -1 477 
4 1.386955e+04 5.000000e+01 1431 1432 480 479 -1 480 -1 478 
4 1.392250e+04 5.000000e+01 1432 1433 481 480 -1 481 -1 479 
4 1.397555e+04 5.000000e+01 1433 1434 482 481 -1 482 -1 480 
4 1.402870e+04 5.000000e+01 1434 1435 483 482 -1 483 -1 481 
4 1.408195e+04 5.000000e+01 1435 1436 484 483 -1 484 -1 482 
4 1.413530e+04 5.000000e+01 1436 1437 485 484 -1 485 -1 483 
4 1.418875e+04 5.000000e+01 1437 1438 486 485 -1 486 -1 484 
4 1.424230e+04 5.000000e+01 1438 1439 487 486 -1 487 -1 485 
4 1.429595e+04 5.000000e+01 1439 1440 488 487 -1 488 -1 486 
4 1.434970e+04 5.000000e+01 1440 1441 489 488 -1 489 -1 487 
4 1.440355e+04 5.000000e+01 1441 1442 490 489 -1 490 -1 488 
4 1.445750e+04 5.000000e+01 1442 1443 491 490 -1 491 -1 489 
4 1.451155e+04 5.000000e+01 1443 1444 492 491 -1 492 -1 490 
4 1.456570e+04 5.000000e+01 1444 1445 493 492 -1 493 -1 491 
4 1.461995e+04 5.000000e+01 1445 1446 494 493 -1 494 -1 492 
4 1.467430e+04 5.000000e+01 1446 1447 495 494 -1 495 -1 493 
4 1.472875e+04 5.000000e+01 1447 1448 496 495 -1 496 -1 494 
4 1.478330e+04 5.000000e+01 1448 1449 497 496 -1 497 -1 495 
4 1.483795e+04 5.000000e+01 1449 1450 498 497 -1 498 -1 496 
4 1.489270e+04 5.000000e+01 1450 1451 499 498 -1 499 -1 497 
4 1.494755e+04 5.000000e+01 1451 1452 500 499 -1 500 -1 498 
4 1.500250e+04 5.000000e+01 1452 1453 501 500 -1 501 -1 499 
4 1.505755e+04 5.000000e+01 1453 1454 502 501 -1 502 -1 500 
4 1.511270e+04 5.000000e+01 1454 1455 503 502 -1 503 -1 501 
4 1.516795e+04 5.000000e+01 1455 1456 504 503 -1 504 -1 502 
4 1.522330e+04 5.000000e+01 1456 1457 505 504 -1 505 -1 503 
4 1.527875e+04 5.000000e+01 1457 1458 506 505 -1 506 -1 504 
4 1.533430e+04 5.000000e+01 1458 1459 507 506 -1 507 -1 505 
4 1.538995e+04 5.000000e+01 1459 1460 508 507 -1 508 -1 506 
4 1.544570e+04 5.000000e+01 1460 1461 509 508 -1 509 -1 507 
4 1.550155e+04 5.000000e+01 1461 1462 510 509 -1 510 -1 508 
4 1.555750e+04 5.000000e+01 1462 1463 511 510 -1 511 -1 509 
4 1.561355e+04 5.000000e+01 1463 1464 512 511 -1 512 -1 510 
4 1.566970e+04 5.000000e+01 1464 1465 513 512 -1 513 -1 511 
4 1.572595e+04 5.000000e+01 1465 1466 514 513 -1 514 -1 512 
4 1.578230e+04 5.000000e+01 1466 1467 515 514 -1 515 -1 513 
4 1.583875e+04 5.000000e+01 1467 1468 516 515 -1 516 -1 514 
4 1.589530e+04 5.000000e+01 1468 1469 517 516 -1 517 -1 515 
4 1.595195e+04 5.000000e+01 1469 1470 518 517 -1 518 -1 516 
4 1.600870e+04 5.000000e+01 1470 1471 519 518 -1 519 -1 517 
4 1.606555e+04 5.000000e+01 1471 1472 520 519 -1 520 -1 518 
4 1.612250e+04 5.000000e+01 1472 1473 521 520 -1 521 -1 519 
4 1.617955e+04 5.000000e+01 1473 1474 522 521 -1 522 -1 520 
4 1.623670e+04 5.000000e+01 1474 1475 523 522 -1 523 -1 521 
4 1.629395e+04 5.000000e+01 1475 1476 524 523 -1 524 -1 522 
4 1.635130e+04 5.000000e+01 1476 1477 525 524 -1 525 -1 523 
4 1.640875e+04 5.000000e+01 1477 1478 526 525 -1 526 -1 524 
4 1.646630e+04 5.000000e+01 1478 1479 527 526 -1 527 -1 525 
4 1.652395e+04 5.000000e+01 1479 1480 528 527 -1 528 -1 526 
4 1.658170e+04 5.000000e+01 1480 1481 529 528 -1 529 -1 527 
4 1.663955e+04 5.000000e+01 1481 1482 530 529 -1 530 -1 528 
4 1.669750e+04 5.000000e+01 1482 1483 531 530 -1 531 -1 529 
4 1.675555e+04 5.000000e+01 1483 1484 532 531 -1 532 -1 530 
4 1.681370e+04 5.000000e+01 1484 1485 533 532 -1 533 -1 531 
4 1.687195e+04 5.000000e+01 1485 1486 534 533 -1 534 -1 532 
4 1.693030e+04 5.000000e+01 1486 1487 535 534 -1 535 -1 533 
4 1.698875e+04 5.000000e+01 1487 1488 536 535 -1 536 -1 534 
4 1.704730e+04 5.000000e+01 1488 1489 537 536 -1 537 -1 535 
4 1.710595e+04 5.000000e+01 1489 1490 538 537 -1 538 -1 536 
4 1.716470e+04 5.000000e+01 1490 1491 539 538 -1 539 -1 537 
4 1.722355e+04 5.000000e+01 1491 1492 540 539 -1 540 -1 538 
4 1.728250e+04 5.000000e+01 1492 1493 541 540 -1 541 -1 539 
4 1.734155e+04 5.000000e+01 1493 1494 542 541 -1 542 -1 540 
4 1.740070e+04 5.000000e+01 1494 1495 543 542 -1 543 -1 541 
4 1.745995e+04 5.000000e+01 1495 1496 544 543 -1 544 -1 542 
4 1.751930e+04 5.000000e+01 1496 1497 545 544 -1 545 -1 543 
4 1.757875e+04 5.000000e+01 1497 1498 546 545 -1 546 -1 544 
4 1.763830e+04 5.000000e+01 1498 1499 547 546 -1 547 -1 545 
4 1.769795e+04 5.000000e+01 1499 1500 548 547 -1 548 -1 546 
4 1.775770e+04 5.000000e+01 1500 1501 549 548 -1 549 -1 547 
4 1.781755e+04 5.000000e+01 1501 1502 550 549 -1 550 -1 548 
4 1.787750e+04 5.000000e+01 1502 1503 551 550 -1 551 -1 549 
4 1.793755e+04 5.000000e+01 1503 1504 552 551 -1 552 -1 550 
4 1.799770e+04 5.000000e+01 1504 1505 553 552 -1 553 -1 551 
4 1.805795e+04 5.000000e+01 1505 1506 554 553 -1 554 -1 552 
4 1.811830e+04 5.000000e+01 1506 1507 555 554 -1 555 -1 553 
4 1.817875e+04 5.000000e+01 1507 1508 556 555 -1 556 -1 554 
4 1.823930e+04 5.000000e+01 1508 1509 557 556 -1 557 -1 555 
4 1.829995e+04 5.000000e+01 1509 1510 558 557 -1 558 -1 556 
4 1.836070e+04 5.000000e+01 1510 1511 559 558 -1 559 -1 557 
4 1.842155e+04 5.000000e+01 1511 1512 560 559 -1 560 -1 558 
4 1.848250e+04 5.000000e+01 1512 1513 561 560 -1 561 -1 559 
4 1.854355e+04 5.000000e+01 1513 1514 562 561 -1 562 -1 560 
4 1.860470e+04 5.000000e+01 1514 1515 563 562 -1 563 -1 561 
4 1.866595e+04 5.000000e+01 1515 1516 564 563 -1 564 -1 562 
4 1.872730e+04 5.000000e+01 1516 1517 565 564 -1 565 -1 563 
4 1.878875e+04 5.000000e+01 1517 1518 566 565 -1 566 -1 564 
4 1.885030e+04 5.000000e+01 1518 1519 567 566 -1 567 -1 565 
4 1.891195e+04 5.000000e+01 1519 1520 568 567 -1 568 -1 566 
4 1.897370e+04 5.000000e+01 1520 1521 569 568 -1 569 -1 567 
4 1.903555e+04 5.000000e+01 1521 1522 570 569 -1 570 -1 568 
4 1.909750e+04 5.000000e+01 1522 1523 571 570 -1 571 -1 569 
4 1.915955e+04 5.000000e+01 1523 1524 572 571 -1 572 -1 570 
4 1.922170e+04 5.000000e+01 1524 1525 573 572 -1 573 -1 571 
4 1.928395e+04 5.000000e+01 1525 1526 574 573 -1 574 -1 572 
4 1.934630e+04 5.000000e+01 1526 1527 575 574 -1 575 -1 573 
4 1.940875e+04 5.000000e+01 1527 1528 576 575 -1 576 -1 574 
4 1.947130e+04 5.000000e+01 1528 1529 577 576 -1 577 -1 575 
4 1.953395e+04 5.000000e+01 1529 1530 578 577 -1 578 -1 576 
4 1.959670e+04 5.000000e+01 1530 1531 579 578 -1 579 -1 577 
4 1.965955e+04 5.000000e+01 1531 1532 580 579 -1 580 -1 578 
4 1.972250e+04 5.000000e+01 1532 1533 581 580 -1 581 -1 579 
4 1.978555e+04 5.000000e+01 1533 1534 582 581 -1 582 -1 580 
4 1.984870e+04 5.000000e+01 1534 1535 583 582 -1 583 -1 581 
4 1.991195e+04 5.000000e+01 1535 1536 584 583 -1 584 -1 582 
4 1.997530e+04 5.000000e+01 1536 1537 585 584 -1 585 -1 583 
4 2.003875e+04 5.000000e+01 1537 1538 586 585 -1 586 -1 584 
4 2.010230e+04 5.000000e+01 1538 1539 587 586 -1 587 -1 585 
4 2.016595e+04 5.000000e+01 1539 1540 588 587 -1 588 -1 586 
4 2.022970e+04 5.000000e+01 1540 1541 589 588 -1 589 -1 587 
4 2.029355e+04 5.000000e+01 1541 1542 590 589 -1 590 -1 588 
4 2.035750e+04 5.000000e+01 1542 1543 591 590 -1 591 -1 589 
4 2.042155e+04 5.000000e+01 1543 1544 592 591 -1 592 -1 590 
4 2.048570e+04 5.000000e+01 1544 1545 593 592 -1 593 -1 591 
4 2.054995e+04 5.000000e+01 1545 1546 594 593 -1 594 -1 592 
4 2.061430e+04 5.000000e+01 1546 1547 595 594 -1 595 -1 593 
4 2.067875e+04 5.000000e+01 1547 1548 596 595 -1 596 -1 594 
4 2.074330e+04 5.000000e+01 1548 1549 597 596 -1 597 -1 595 
4 2.080795e+04 5.000000e+01 1549 1550 598 597 -1 598 -1 596 
4 2.087270e+04 5.000000e+01 1550 1551 599 598 -1 599 -1 597 
4 2.093755e+04 5.000000e+01 1551 1552 600 599 -1 600 -1 598 
4 2.100250e+04 5.000000e+01 1552 1553 601 600 -1 601 -1 599 
4 2.106755e+04 5.000000e+01 1553 1554 602 601 -1 602 -1 600 
4 2.113270e+04 5.000000e+01 1554 1555 603 602 -1 603 -1 601 
4 2.119795e+04 5.000000e+01 1555 1556 604 603 -1 604 -1 602 
4 2.126330e+04 5.000000e+01 1556 1557 605 604 -1 605 -1 603 
4 2.132875e+04 5.000000e+01 1557 1558 606 605 -1 606 -1 604 
4 2.139430e+04 5.000000e+01 1558 1559 607 606 -1 607 -1 605 
4 2.145995e+04 5.000000e+01 1559 1560 608 607 -1 608 -1 606 
4 2.152570e+04 5.000000e+01 1560 1561 609 608 -1 609 -1 607 
4 2.159155e+04 5.000000e+01 1561 1562 610 609 -1 610 -1 608 
4 2.165750e+04 5.000000e+01 1562 1563 611 610 -1 611 -1 609 
4 2.172355e+04 5.000000e+01 1563 1564 612 611 -1 612 -1 610 
4 2.178970e+04 5.000000e+01 1564 1565 613 612 -1 613 -1 611 
4 2.185595e+04 5.000000e+01 1565 1566 614 613 -1 614 -1 612 
4 2.192230e+04 5.000000e+01 1566 1567 615 614 -1 615 -1 613 
4 2.198875e+04 5.000000e+01 1567 1568 616 615 -1 616 -1 614 
4 2.205530e+04 5.000000e+01 1568 1569 617 616 -1 617 -1 615 
4 2.212195e+04 5.000000e+01 1569 1570 618 617 -1 618 -1 616 
4 2.218870e+04 5.000000e+01 1570 1571 619 618 -1 619 -1 617 
4 2.225555e+04 5.000000e+01 1571 1572 620 619 -1 620 -1 618 
4 2.232250e+04 5.000000e+01 1572 1573 621 620 -1 621 -1 619 
4 2.238955e+04 5.000000e+01 1573 1574 622 621 -1 622 -1 620 
4 2.245670e+04 5.000000e+01 1574 1575 623 622 -1 623 -1 621 
4 2.252395e+04 5.000000e+01 1575 1576 624 623 -1 624 -1 622 
4 2.259130e+04 5.000000e+01 1576 1577 625 624 -1 625 -1 623 
4 2.265875e+04 5.000000e+01 1577 1578 626 625 -1 626 -1 624 
4 2.272630e+04 5.000000e+01 1578 1579 627 626 -1 627 -1 625 
4 2.279395e+04 5.000000e+01 1579 1580 628 627 -1 628 -1 626 
4 2.286170e+04 5.000000e+01 1580 1581 629 628 -1 629 -1 627 
4 2.292955e+04 5.000000e+01 1581 1582 630 629 -1 630 -1 628 
4 2.299750e+04 5.000000e+01 1582 1583 631 630 -1 631 -1 629 
4 2.306555e+04 5.000000e+01 1583 1584 632 631 -1 632 -1 630 
4 2.313370e+04 5.000000e+01 1584 1585 633 632 -1 633 -1 631 
4 2.320195e+04 5.000000e+01 1585 1586 634 633 -1 634 -1 632 
4 2.327030e+04 5.000000e+01 1586 1587 635 634 -1 635 -1 633 
4 2.333875e+04 5.000000e+01 1587 1588 636 635 -1 636 -1 634 
4 2.340730e+04 5.000000e+01 1588 1589 637 636 -1 637 -1 635 
4 2.347595e+04 5.000000e+01 1589 1590 638 637 -1 638 -1 636 
4 2.354470e+04 5.000000e+01 1590 1591 639 638 -1 639 -1 637 
4 2.361355e+04 5.000000e+01 1591 1592 640 639 -1 640 -1 638 
4 2.368250e+04 5.000000e+01 1592 1593 641 640 -1 641 -1 639 
4 2.375155e+04 5.000000e+01 1593 1594 642 641 -1 642 -1 640 
4 2.382070e+04 5.000000e+01 1594 1595 643 642 -1 643 -1 641 
4 2.388995e+04 5.000000e+01 1595 1596 644 643 -1 644 -1 642 
4 2.395930e+04 5.000000e+01 1596 1597 645 644 -1 645 -1 643 
4 2.402875e+04 5.000000e+01 1597 1598 646 645 -1 646 -1 644 
4 2.409830e+04 5.000000e+01 1598 1599 647 646 -1 647 -1 645 
4 2.416795e+04 5.000000e+01 1599 1600 648 647 -1 648 -1 646 
4 2.423770e+04 5.000000e+01 1600 1601 649 648 -1 649 -1 647 
4 2.430755e+04 5.000000e+01 1601 1602 650 649 -1 650 -1 648 
4 2.437750e+04 5.000000e+01 1602 1603 651 650 -1 651 -1 649 
4 2.444755e+04 5.000000e+01 1603 1604 652 651 -1 652 -1 650 
4 2.451770e+04 5.000000e+01 1604 1605 653 652 -1 653 -1 651 
4 2.458795e+04 5.000000e+01 1605 1606 654 653 -1 654 -1 652 
4 2.465830e+04 5.000000e+01 1606 1607 655 654 -1 655 -1 653 
4 2.472875e+04 5.000000e+01 1607 1608 656 655 -1 656 -1 654 
4 2.479930e+04 5.000000e+01 1608 1609 657 656 -1 657 -1 655 
4 2.486995e+04 5.000000e+01 1609 1610 658 657 -1 658 -1 656 
4 2.494070e+04 5.000000e+01 1610 1611 659 658 -1 659 -1 657 
4 2.501155e+04 5.000000e+01 1611 1612 660 659 -1 660 -1 658 
4 2.508250e+04 5.000000e+01 1612 1613 661 660 -1 661 -1 659 
4 2.515355e+04 5.000000e+01 1613 1614 662 661 -1 662 -1 660 
4 2.522470e+04 5.000000e+01 1614 1615 663 662 -1 663 -1 661 
4 2.529595e+04 5.000000e+01 1615 1616 664 663 -1 664 -1 662 
4 2.536730e+04 5.000000e+01 1616 1617 665 664 -1 665 -1 663 
4 2.543875e+04 5.000000e+01 1617 1618 666 665 -1 666 -1 664 
4 2.551030e+04 5.000000e+01 1618 1619 667 666 -1 667 -1 665 
4 2.558195e+04 5.000000e+01 1619 1620 668 667 -1 668 -1 666 
4 2.565370e+04 5.000000e+01 1620 1621 669 668 -1 669 -1 667 
4 2.572555e+04 5.000000e+01 1621 1622 670 669 -1 670 -1 668 
4 2.579750e+04 5.000000e+01 1622 1623 671 670 -1 671 -1 669 
4 2.586955e+04 5.000000e+01 1623 1624 672 671 -1 672 -1 670 
4 2.594170e+04 5.000000e+01 1624 1625 673 672 -1 673 -1 671 
4 2.601395e+04 5.000000e+01 1625 1626 674 673 -1 674 -1 672 
4 2.608630e+04 5.000000e+01 1626 1627 675 674 -1 675 -1 673 
4 2.615875e+04 5.000000e+01 1627 1628 676 675 -1 676 -1 674 
4 2.623130e+04 5.000000e+01 1628 1629 677 676 -1 677 -1 675 
4 2.630395e+04 5.000000e+01 1629 1630 678 677 -1 678 -1 676 
4 2.637670e+04 5.000000e+01 1630 1631 679 678 -1 679 -1 677 
4 2.644955e+04 5.000000e+01 1631 1632 680 679 -1 680 -1 678 
4 2.652250e+04 5.000000e+01 1632 1633 681 680 -1 681 -1 679 
4 2.659555e+04 5.000000e+01 1633 1634 682 681 -1 682 -1 680 
4 2.666870e+04 5.000000e+01 1634 1635 683 682 -1 683 -1 681 
4 2.674195e+04 5.000000e+01 1635 1636 684 683 -1 684 -1 682 
4 2.681530e+04 5.000000e+01 1636 1637 685 684 -1 685 -1 683 
4 2.688875e+04 5.000000e+01 1637 1638 686 685 -1 686 -1 684 
4 2.696230e+04 5.000000e+01 1638 1639 687 686 -1 687 -1 685 
4 2.703595e+04 5.000000e+01 1639 1640 688 687 -1 688 -1 686 
4 2.710970e+04 5.000000e+01 1640 1641 689 688 -1 689 -1 687 
4 2.718355e+04 5.000000e+01 1641 1642 690 689 -1 690 -1 688 
4 2.725750e+04 5.000000e+01 1642 1643 691 690 -1 691 -1 689 
4 2.733155e+04 5.000000e+01 1643 1644 692 691 -1 692 -1 690 
4 2.740570e+04 5.000000e+01 1644 1645 693 692 -1 693 -1 691 
4 2.747995e+04 5.000000e+01 1645 1646 694 693 -1 694 -1 692 
4 2.755430e+04 5.000000e+01 1646 1647 695 694 -1 695 -1 693 
4 2.762875e+04 5.000000e+01 1647 1648 696 695 -1 696 -1 694 
4 2.770330e+04 5.000000e+01 1648 1649 697 696 -1 697 -1 695 
4 2.777795e+04 5.000000e+01 1649 1650 698 697 -1 698 -1 696 
4 2.785270e+04 5.000000e+01 1650 1651 699 698 -1 699 -1 697 
4 2.792755e+04 5.000000e+01 1651 1652 700 699 -1 700 -1 698 
4 2.800250e+04 5.000000e+01 1652 1653 701 700 -1 701 -1 699 
4 2.807755e+04 5.000000e+01 1653 1654 702 701 -1 702 -1 700 
4 2.815270e+04 5.000000e+01 1654 1655 703 702 -1 703 -1 701 
4 2.822795e+04 5.000000e+01 1655 1656 704 703 -1 704 -1 702 
4 2.830330e+04 5.000000e+01 1656 1657 705 704 -1 705 -1 703 
4 2.837875e+04 5.000000e+01 1657 1658 706 705 -1 706 -1 704 
4 2.845430e+04 5.000000e+01 1658 1659 707 706 -1 707 -1 705 
4 2.852995e+04 5.000000e+01 1659 1660 708 707 -1 708 -1 706 
4 2.860570e+04 5.000000e+01 1660 1661 709 708 -1 709 -1 707 
4 2.868155e+04 5.000000e+01 1661 1662 710 709 -1 710 -1 708 
4 2.875750e+04 5.000000e+01 1662 1663 711 710 -1 711 -1 709 
4 2.883355e+04 5.000000e+01 1663 1664 712 711 -1 712 -1 710 
4 2.890970e+04 5.000000e+01 1664 1665 713 712 -1 713 -1 711 
4 2.898595e+04 5.000000e+01 1665 1666 714 713 -1 714 -1 712 
4 2.906230e+04 5.000000e+01 1666 1667 715 714 -1 715 -1 713 
4 2.913875e+04 5.000000e+01 1667 1668 716 715 -1 716 -1 714 
4 2.921530e+04 5.000000e+01 1668 1669 717 716 -1 717 -1 715 
4 2.929195e+04 5.000000e+01 1669 1670 718 717 -1 718 -1 716 
4 2.936870e+04 5.000000e+01 1670 1671 719 718 -1 719 -1 717 
4 2.944555e+04 5.000000e+01 1671 1672 720 719 -1 720 -1 718 
4 2.952250e+04 5.000000e+01 1672 1673 721 720 -1 721 -1 719 
4 2.959955e+04 5.000000e+01 1673 1674 722 721 -1 722 -1 720 
4 2.967670e+04 5.000000e+01 1674 1675 723 722 -1 723 -1 721 
4 2.975395e+04 5.000000e+01 1675 1676 724 723 -1 724 -1 722 
4 2.983130e+04 5.000000e+01 1676 1677 725 724 -1 725 -1 723 
4 2.990875e+04 5.000000e+01 1677 1678 726 725 -1 726 -1 724 
4 2.998630e+04 5.000000e+01 1678 1679 727 726 -1 727 -1 725 
4 3.006395e+04 5.000000e+01 1679 1680 728 727 -1 728 -1 726 
4 3.014170e+04 5.000000e+01 1680 1681 729 728 -1 729 -1 727 
4 3.021955e+04 5.000000e+01 1681 1682 730 729 -1 730 -1 728 
4 3.029750e+04 5.000000e+01 1682 1683 731 730 -1 731 -1 729 
4 3.037555e+04 5.000000e+01 1683 1684 732 731 -1 732 -1 730 
4 3.045370e+04 5.000000e+01 1684 1685 733 732 -1 733 -1 731 
4 3.053195e+04 5.000000e+01 1685 1686 734 733 -1 734 -1 732 
4 3.061030e+04 5.000000e+01 1686 1687 735 734 -1 735 -1 733 
4 3.068875e+04 5.000000e+01 1687 1688 736 735 -1 736 -1 734 
4 3.076730e+04 5.000000e+01 1688 1689 737 736 -1 737 -1 735 
4 3.084595e+04 5.000000e+01 1689 1690 738 737 -1 738 -1 736 
4 3.092470e+04 5.000000e+01 1690 1691 739 738 -1 739 -1 737 
4 3.100355e+04 5.000000e+01 1691 1692 740 739 -1 740 -1 738 
4 3.108250e+04 5.000000e+01 1692 1693 741 740 -1 741 -1 739 
4 3.116155e+04 5.000000e+01 1693 1694 742 741 -1 742 -1 740 
4 3.124070e+04 5.000000e+01 1694 1695 743 742 -1 743 -1 741 
4 3.131995e+04 5.000000e+01 1695 1696 744 743 -1 744 -1 742 
4 3.139930e+04 5.000000e+01 1696 1697 745 744 -1 745 -1 743 
4 3.147875e+04 5.000000e+01 1697 1698 746 745 -1 746 -1 744 
4 3.155830e+04 5.000000e+01 1698 1699 747 746 -1 747 -1 745 
4 3.163795e+04 5.000000e+01 1699 1700 748 747 -1 748 -1 746 
4 3.171770e+04 5.000000e+01 1700 1701 749 748 -1 749 -1 747 
4 3.179755e+04 5.000000e+01 1701 1702 750 749 -1 750 -1 748 
4 3.187750e+04 5.000000e+01 1702 1703 751 750 -1 751 -1 749 
4 3.195755e+04 5.000000e+01 1703 1704 752 751 -1 752 -1 750 
4 3.203770e+04 5.000000e+01 1704 1705 753 752 -1 753 -1 751 
4 3.211795e+04 5.000000e+01 1705 1706 754 753 -1 754 -1 752 
4 3.219830e+04 5.000000e+01 1706 1707 755 754 -1 755 -1 753 
4 3.227875e+04 5.000000e+01 1707 1708 756 755 -1 756 -1 754 
4 3.235930e+04 5.000000e+01 1708 1709 757 756 -1 757 -1 755 
4 3.243995e+04 5.000000e+01 1709 1710 758 757 -1 758 -1 756 
4 3.252070e+04 5.000000e+01 1710 1711 759 758 -1 759 -1 757 
4 3.260155e+04 5.000000e+01 1711 1712 760 759 -1 760 -1 758 
4 3.268250e+04 5.000000e+01 1712 1713 761 760 -1 761 -1 759 
4 3.276355e+04 5.000000e+01 1713 1714 762 761 -1 762 -1 760 
4 3.284470e+04 5.000000e+01 1714 1715 763 762 -1 763 -1 761 
4 3.292595e+04 5.000000e+01 1715 1716 764 763 -1 764 -1 762 
4 3.300730e+04 5.000000e+01 1716 1717 765 764 -1 765 -1 763 
4 3.308875e+04 5.000000e+01 1717 1718 766 765 -1 766 -1 764 
4 3.317030e+04 5.000000e+01 1718 1719 767 766 -1 767 -1 765 
4 3.325195e+04 5.000000e+01 1719 1720 768 767 -1 768 -1 766 
4 3.333370e+04 5.000000e+01 1720 1721 769 768 -1 769 -1 767 
4 3.341555e+04 5.000000e+01 1721 1722 770 769 -1 770 -1 768 
4 3.349750e+04 5.000000e+01 1722 1723 771 770 -1 771 -1 769 
4 3.357955e+04 5.000000e+01 1723 1724 772 771 -1 772 -1 770 
4 3.366170e+04 5.000000e+01 1724 1725 773 772 -1 773 -1 771 
4 3.374395e+04 5.000000e+01 1725 1726 774 773 -1 774 -1 772 
4 3.382630e+04 5.000000e+01 1726 1727 775 774 -1 775 -1 773 
4 3.390875e+04 5.000000e+01 1727 1728 776 775 -1 776 -1 774 
4 3.399130e+04 5.000000e+01 1728 1729 777 776 -1 777 -1 775 
4 3.407395e+04 5.000000e+01 1729 1730 778 777 -1 778 -1 776 
4 3.415670e+04 5.000000e+01 1730 1731 779 778 -1 779 -1 777 
4 3.423955e+04 5.000000e+01 1731 1732 780 779 -1 780 -1 778 
4 3.432250e+04 5.000000e+01 1732 1733 781 780 -1 781 -1 779 
4 3.440555e+04 5.000000e+01 1733 1734 782 781 -1 782 -1 780 
4 3.448870e+04 5.000000e+01 1734 1735 783 782 -1 783 -1 781 
4 3.457195e+04 5.000000e+01 1735 1736 784 783 -1 784 -1 782 
4 3.465530e+04 5.000000e+01 1736 1737 785 784 -1 785 -1 783 
4 3.473875e+04 5.000000e+01 1737 1738 786 785 -1 786 -1 784 
4 3.482230e+04 5.000000e+01 1738 1739 787 786 -1 787 -1 785 
4 3.490595e+04 5.000000e+01 1739 1740 788 787 -1 788 -1 786 
4 3.498970e+04 5.000000e+01 1740 1741 789 788 -1 789 -1 787 
4 3.507355e+04 5.000000e+01 1741 1742 790 789 -1 790 -1 788 
4 3.515750e+04 5.000000e+01 1742 1743 791 790 -1 791 -1 789 
4 3.524155e+04 5.000000e+01 1743 1744 792 791 -1 792 -1 790 
4 3.532570e+04 5.000000e+01 1744 1745 793 792 -1 793 -1 791 
4 3.540995e+04 5.000000e+01 1745 1746 794 793 -1 794 -1 792 
4 3.549430e+04 5.000000e+01 1746 1747 795 794 -1 795 -1 793 
4 3.557875e+04 5.000000e+01 1747 1748 796 795 -1 796 -1 794 
4 3.566330e+04 5.000000e+01 1748 1749 797 796 -1 797 -1 795 
4 3.574795e+04 5.000000e+01 1749 1750 798 797 -1 798 -1 796 
4 3.583270e+04 5.000000e+01 1750 1751 799 798 -1 799 -1 797 
4 3.591755e+04 5.000000e+01 1751 1752 800 799 -1 800 -1 798 
4 3.600250e+04 5.000000e+01 1752 1753 801 800 -1 801 -1 799 
4 3.608755e+04 5.000000e+01 1753 1754 802 801 -1 802 -1 800 
4 3.617270e+04 5.000000e+01 1754 1755 803 802 -1 803 -1 801 
4 3.625795e+04 5.000000e+01 1755 1756 804 803 -1 804 -1 802 
4 3.634330e+04 5.000000e+01 1756 1757 805 804 -1 805 -1 803 
4 3.642875e+04 5.000000e+01 1757 1758 806 805 -1 806 -1 804 
4 3.651430e+04 5.000000e+01 1758 1759 807 806 -1 807 -1 805 
4 3.659995e+04 5.000000e+01 1759 1760 808 807 -1 808 -1 806 
4 3.668570e+04 5.000000e+01 1760 1761 809 808 -1 809 -1 807 
4 3.677155e+04 5.000000e+01 1761 1762 810 809 -1 810 -1 808 
4 3.685750e+04 5.000000e+01 1762 1763 811 810 -1 811 -1 809 
4 3.694355e+04 5.000000e+01 1763 1764 812 811 -1 812 -1 810 
4 3.702970e+04 5.000000e+01 1764 1765 813 812 -1 813 -1 811 
4 3.711595e+04 5.000000e+01 1765 1766 814 813 -1 814 -1 812 
4 3.720230e+04 5.000000e+01 1766 1767 815 814 -1 815 -1 813 
4 3.728875e+04 5.000000e+01 1767 1768 816 815 -1 816 -1 814 
4 3.737530e+04 5.000000e+01 1768 1769 817 816 -1 817 -1 815 
4 3.746195e+04 5.000000e+01 1769 1770 818 817 -1 818 -1 816 
4 3.754870e+04 5.000000e+01 1770 1771 819 818 -1 819 -1 817 
4 3.763555e+04 5.000000e+01 1771 1772 820 819 -1 820 -1 818 
4 3.772250e+04 5.000000e+01 1772 1773 821 820 -1 821 -1 819 
4 3.780955e+04 5.000000e+01 1773 1774 822 821 -1 822 -1 820 
4 3.789670e+04 5.000000e+01 1774 1775 823 822 -1 823 -1 821 
4 3.798395e+04 5.000000e+01 1775 1776 824 823 -1 824 -1 822 
4 3.807130e+04 5.000000e+01 1776 1777 825 824 -1 825 -1 823 
4 3.815875e+04 5.000000e+01 1777 1778 826 825 -1 826 -1 824 
4 3.824630e+04 5.000000e+01 1778 1779 827 826 -1 827 -1 825 
4 3.833395e+04 5.000000e+01 1779 1780 828 827 -1 828 -1 826 
4 3.842170e+04 5.000000e+01 1780 1781 829 828 -1 829 -1 827 
4 3.850955e+04 5.000000e+01 1781 1782 830 829 -1 830 -1 828 
4 3.859750e+04 5.000000e+01 1782 1783 831 830 -1 831 -1 829 
4 3.868555e+04 5.000000e+01 1783 1784 832 831 -1 832 -1 830 
4 3.877370e+04 5.000000e+01 1784 1785 833 832 -1 833 -1 831 
4 3.886195e+04 5.000000e+01 1785 1786 834 833 -1 834 -1 832 
4 3.895030e+04 5.000000e+01 1786 1787 835 834 -1 835 -1 833 
4 3.903875e+04 5.000000e+01 1787 1788 836 835 -1 836 -1 834 
4 3.912730e+04 5.000000e+01 1788 1789 837 836 -1 837 -1 835 
4 3.921595e+04 5.000000e+01 1789 1790 838 837 -1 838 -1 836 
4 3.930470e+04 5.000000e+01 1790 1791 839 838 -1 839 -1 837 
4 3.939355e+04 5.000000e+01 1791 1792 840 839 -1 840 -1 838 
4 3.948250e+04 5.000000e+01 1792 1793 841 840 -1 841 -1 839 
4 3.957155e+04 5.000000e+01 1793 1794 842 841 -1 842 -1 840 
4 3.966070e+04 5.000000e+01 1794 1795 843 842 -1 843 -1 841 
4 3.974995e+04 5.000000e+01 1795 1796 844 843 -1 844 -1 842 
4 3.983930e+04 5.000000e+01 1796 1797 845 844 -1 845 -1 843 
4 3.992875e+04 5.000000e+01 1797 1798 846 845 -1 846 -1 844 
4 4.001830e+04 5.000000e+01 1798 1799 847 846 -1 847 -1 845 
4 4.010795e+04 5.000000e+01 1799 1800 848 847 -1 848 -1 846 
4 4.019770e+04 5.000000e+01 1800 1801 849 848 -1 849 -1 847 
4 4.028755e+04 5.000000e+01 1801 1802 850 849 -1 850 -1 848 
4 4.037750e+04 5.000000e+01 1802 1803 851 850 -1 851 -1 849 
4 4.046755e+04 5.000000e+01 1803 1804 852 851 -1 852 -1 850 
4 4.055770e+04 5.000000e+01 1804 1805 853 852 -1 853 -1 851 
4 4.064795e+04 5.000000e+01 1805 1806 854 853 -1 854 -1 852 
4 4.073830e+04 5.000000e+01 1806 1807 855 854 -1 855 -1 853 
4 4.082875e+04 5.000000e+01 1807 1808 856 855 -1 856 -1 854 
4 4.091930e+04 5.000000e+01 1808 1809 857 856 -1 857 -1 855 
4 4.100995e+04 5.000000e+01 1809 1810 858 857 -1 858 -1 856 
4 4.110070e+04 5.000000e+01 1810 1811 859 858 -1 859 -1 857 
4 4.119155e+04 5.000000e+01 1811 1812 860 859 -1 860 -1 858 
4 4.128250e+04 5.000000e+01 1812 1813 861 860 -1 861 -1 859 
4 4.137355e+04 5.000000e+01 1813 1814 862 861 -1 862 -1 860 
4 4.146470e+04 5.000000e+01 1814 1815 863 862 -1 863 -1 861 
4 4.155595e+04 5.000000e+01 1815 1816 864 863 -1 864 -1 862 
4 4.164730e+04 5.000000e+01 1816 1817 865 864 -1 865 -1 863 
4 4.173875e+04 5.000000e+01 1817 1818 866 865 -1 866 -1 864 
4 4.183030e+04 5.000000e+01 1818 1819 867 866 -1 867 -1 865 
4 4.192195e+04 5.000000e+01 1819 1820 868 867 -1 868 -1 866 
4 4.201370e+04 5.000000e+01 1820 1821 869 868 -1 869 -1 867 
4 4.210555e+04 5.000000e+01 1821 1822 870 869 -1 870 -1 868 
4 4.219750e+04 5.000000e+01 1822 1823 871 870 -1 871 -1 869 
4 4.228955e+04 5.000000e+01 1823 1824 872 871 -1 872 -1 870 
4 4.238170e+04 5.000000e+01 1824 1825 873 872 -1 873 -1 871 
4 4.247395e+04 5.000000e+01 1825 1826 874 873 -1 874 -1 872 
4 4.256630e+04 5.000000e+01 1826 1827 875 874 -1 875 -1 873 
4 4.265875e+04 5.000000e+01 1827 1828 876 875 -1 876 -1 874 
4 4.275130e+04 5.000000e+01 1828 1829 877 876 -1 877 -1 875 
4 4.284395e+04 5.000000e+01 1829 1830 878 877 -1 878 -1 876 
4 4.293670e+04 5.000000e+01 1830 1831 879 878 -1 879 -1 877 
4 4.302955e+04 5.000000e+01 1831 1832 880 879 -1 880 -1 878 
4 4.312250e+04 5.000000e+01 1832 1833 881 880 -1 881 -1 879 
4 4.321555e+04 5.000000e+01 1833 1834 882 881 -1 882 -1 880 
4 4.330870e+04 5.000000e+01 1834 1835 883 882 -1 883 -1 881 
4 4.340195e+04 5.000000e+01 1835 1836 884 883 -1 884 -1 882 
4 4.349530e+04 5.000000e+01 1836 1837 885 884 -1 885 -1 883 
4 4.358875e+04 5.000000e+01 1837 1838 886 885 -1 886 -1 884 
4 4.368230e+04 5.000000e+01 1838 1839 887 886 -1 887 -1 885 
4 4.377595e+04 5.000000e+01 1839 1840 888 887 -1 888 -1 886 
4 4.386970e+04 5.000000e+01 1840 1841 889 888 -1 889 -1 887 
4 4.396355e+04 5.000000e+01 1841 1842 890 889 -1 890 -1 888 
4 4.405750e+04 5.000000e+01 1842 1843 891 890 -1 891 -1 889 
4 4.415155e+04 5.000000e+01 1843 1844 892 891 -1 892 -1 890 
4 4.424570e+04 5.000000e+01 1844 1845 893 892 -1 893 -1 891 
4 4.433995e+04 5.000000e+01 1845 1846 894 893 -1 894 -1 892 
4 4.443430e+04 5.000000e+01 1846 1847 895 894 -1 895 -1 893 
4 4.452875e+04 5.000000e+01 1847 1848 896 895 -1 896 -1 894 
4 4.462330e+04 5.000000e+01 1848 1849 897 896 -1 897 -1 895 
4 4.471795e+04 5.000000e+01 1849 1850 898 897 -1 898 -1 896 
4 4.481270e+04 5.000000e+01 1850 1851 899 898 -1 899 -1 897 
4 4.490755e+04 5.000000e+01 1851 1852 900 899 -1 900 -1 898 
4 4.500250e+04 5.000000e+01 1852 1853 901 900 -1 901 -1 899 
4 4.509755e+04 5.000000e+01 1853 1854 902 901 -1 902 -1 900 
4 4.519270e+04 5.000000e+01 1854 1855 903 902 -1 903 -1 901 
4 4.528795e+04 5.000000e+01 1855 1856 904 903 -1 904 -1 902 
4 4.538330e+04 5.000000e+01 1856 1857 905 904 -1 905 -1 903 
4 4.547875e+04 5.000000e+01 1857 1858 906 905 -1 906 -1 904 
4 4.557430e+04 5.000000e+01 1858 1859 907 906 -1 907 -1 905 
4 4.566995e+04 5.000000e+01 1859 1860 908 907 -1 908 -1 906 
4 4.576570e+04 5.000000e+01 1860 1861 909 908 -1 909 -1 907 
4 4.586155e+04 5.000000e+01 1861 1862 910 909 -1 910 -1 908 
4 4.595750e+04 5.000000e+01 1862 1863 911 910 -1 911 -1 909 
4 4.605355e+04 5.000000e+01 1863 1864 912 911 -1 912 -1 910 
4 4.614970e+04 5.000000e+01 1864 1865 913 912 -1 913 -1 911 
4 4.624595e+04 5.000000e+01 1865 1866 914 913 -1 914 -1 912 
4 4.634230e+04 5.000000e+01 1866 1867 915 914 -1 915 -1 913 
4 4.643875e+04 5.000000e+01 1867 1868 916 915 -1 916 -1 914 
4 4.653530e+04 5.000000e+01 1868 1869 917 916 -1 917 -1 915 
4 4.663195e+04 5.000000e+01 1869 1870 918 917 -1 918 -1 916 
4 4.672870e+04 5.000000e+01 1870 1871 919 918 -1 919 -1 917 
4 4.682555e+04 5.000000e+01 1871 1872 920 919 -1 920 -1 918 
4 4.692250e+04 5.000000e+01 1872 1873 921 920 -1 921 -1 919 
4 4.701955e+04 5.000000e+01 1873 1874 922 921 -1 922 -1 920 
4 4.711670e+04 5.000000e+01 1874 1875 923 922 -1 923 -1 921 
4 4.721395e+04 5.000000e+01 1875 1876 924 923 -1 924 -1 922 
4 4.731130e+04 5.000000e+01 1876 1877 925 924 -1 925 -1 923 
4 4.740875e+04 5.000000e+01 1877 1878 926 925 -1 926 -1 924 
4 4.750630e+04 5.000000e+01 1878 1879 927 926 -1 927 -1 925 
4 4.760395e+04 5.000000e+01 1879 1880 928 927 -1 928 -1 926 
4 4.770170e+04 5.000000e+01 1880 1881 929 928 -1 929 -1 927 
4 4.779955e+04 5.000000e+01 1881 1882 930 929 -1 930 -1 928 
4 4.789750e+04 5.000000e+01 1882 1883 931 930 -1 931 -1 929 
4 4.799555e+04 5.000000e+01 1883 1884 932 931 -1 932 -1 930 
4 4.809370e+04 5.000000e+01 1884 1885 933 932 -1 933 -1 931 
4 4.819195e+04 5.000000e+01 1885 1886 934 933 -1 934 -1 932 
4 4.829030e+04 5.000000e+01 1886 1887 935 934 -1 935 -1 933 
4 4.838875e+04 5.000000e+01 1887 1888 936 935 -1 936 -1 934 
4 4.848730e+04 5.000000e+01 1888 1889 937 936 -1 937 -1 935 
4 4.858595e+04 5.000000e+01 1889 1890 938 937 -1 938 -1 936 
4 4.868470e+04 5.000000e+01 1890 1891 939 938 -1 939 -1 937 
4 4.878355e+04 5.000000e+01 1891 1892 940 939 -1 940 -1 938 
4 4.888250e+04 5.000000e+01 1892 1893 941 940 -1 941 -1 939 
4 4.898155e+04 5.000000e+01 1893 1894 942 941 -1 942 -1 940 
4 4.908070e+04 5.000000e+01 1894 1895 943 942 -1 943 -1 941 
4 4.917995e+04 5.000000e+01 1895 1896 944 943 -1 944 -1 942 
4 4.927930e+04 5.000000e+01 1896 1897 945 944 -1 945 -1 943 
4 4.937875e+04 5.000000e+01 1897 1898 946 945 -1 946 -1 944 
4 4.947830e+04 5.000000e+01 1898 1899 947 946 -1 947 -1 945 
4 4.957795e+04 5.000000e+01 1899 1900 948 947 -1 948 -1 946 
4 4.967770e+04 5.000000e+01 1900 1901 949 948 -1 949 -1 947 
4 4.977755e+04 5.000000e+01 1901 1902 950 949 -1 950 -1 948 
4 4.987750e+04 5.000000e+01 1902 1903 951 950 -1 -1 -1 949 
