0 952 1 -1 0 0 
1 953 0 0 1 0 
1 0 1 -1 0 0 
953 952 1 0 -1 0 
2 1 1 -1 1 0 
2 954 0 1 2 0 
954 953 1 1 -1 0 
3 2 1 -1 2 0 
3 955 0 2 3 0 
955 954 1 2 -1 0 
4 3 1 -1 3 0 
4 956 0 3 4 0 
956 955 2 3 -1 0 
5 4 1 -1 4 0 
5 957 0 4 5 0 
957 956 1 4 -1 0 
6 5 1 -1 5 0 
6 958 0 5 6 0 
958 957 1 5 -1 0 
7 6 1 -1 6 0 
7 959 0 6 7 0 
959 958 1 6 -1 0 
8 7 1 -1 7 0 
8 960 0 7 8 0 
960 959 1 7 -1 0 
9 8 1 -1 8 0 
9 961 0 8 9 0 
961 960 1 8 -1 0 
10 9 1 -1 9 0 
10 962 0 9 10 0 
962 961 1 9 -1 0 
11 10 1 -1 10 0 
11 963 0 10 11 0 
963 962 1 10 -1 0 
12 11 1 -1 11 0 
12 964 0 11 12 0 
964 963 1 11 -1 0 
13 12 1 -1 12 0 
13 965 0 12 13 0 
965 964 1 12 -1 0 
14 13 1 -1 13 0 
14 966 0 13 14 0 
966 965 1 13 -1 0 
15 14 1 -1 14 0 
15 967 0 14 15 0 
967 966 1 14 -1 0 
16 15 1 -1 15 0 
16 968 0 15 16 0 
968 967 1 15 -1 0 
17 16 1 -1 16 0 
17 969 0 16 17 0 
969 968 1 16 -1 0 
18 17 1 -1 17 0 
18 970 0 17 18 0 
970 969 1 17 -1 0 
19 18 1 -1 18 0 
19 971 0 18 19 0 
971 970 1 18 -1 0 
20 19 1 -1 19 0 
20 972 0 19 20 0 
972 971 1 19 -1 0 
21 20 1 -1 20 0 
21 973 0 20 21 0 
973 972 1 20 -1 0 
22 21 1 -1 21 0 
22 974 0 21 22 0 
974 973 1 21 -1 0 
23 22 1 -1 22 0 
23 975 0 22 23 0 
975 974 1 22 -1 0 
24 23 1 -1 23 0 
24 976 0 23 24 0 
976 975 1 23 -1 0 
25 24 1 -1 24 0 
25 977 0 24 25 0 
977 976 1 24 -1 0 
26 25 1 -1 25 0 
26 978 0 25 26 0 
978 977 1 25 -1 0 
27 26 1 -1 26 0 
27 979 0 26 27 0 
979 978 1 26 -1 0 
28 27 1 -1 27 0 
28 980 0 27 28 0 
980 979 1 27 -1 0 
29 28 1 -1 28 0 
29 981 0 28 29 0 
981 980 1 28 -1 0 
30 29 1 -1 29 0 
30 982 0 29 30 0 
982 981 1 29 -1 0 
31 30 1 -1 30 0 
31 983 0 30 31 0 
983 982 1 30 -1 0 
32 31 1 -1 31 0 
32 984 0 31 32 0 
984 983 1 31 -1 0 
33 32 1 -1 32 0 
33 985 0 32 33 0 
985 984 1 32 -1 0 
34 33 1 -1 33 0 
34 986 0 33 34 0 
986 985 1 33 -1 0 
35 34 1 -1 34 0 
35 987 0 34 35 0 
987 986 1 34 -1 0 
36 35 1 -1 35 0 
36 988 0 35 36 0 
988 987 1 35 -1 0 
37 36 1 -1 36 0 
37 989 0 36 37 0 
989 988 1 36 -1 0 
38 37 1 -1 37 0 
38 990 0 37 38 0 
990 989 1 37 -1 0 
39 38 1 -1 38 0 
39 991 0 38 39 0 
991 990 1 38 -1 0 
40 39 1 -1 39 0 
40 992 0 39 40 0 
992 991 1 39 -1 0 
41 40 1 -1 40 0 
41 993 0 40 41 0 
993 992 1 40 -1 0 
42 41 1 -1 41 0 
42 994 0 41 42 0 
994 993 1 41 -1 0 
43 42 1 -1 42 0 
43 995 0 42 43 0 
995 994 1 42 -1 0 
44 43 1 -1 43 0 
44 996 0 43 44 0 
996 995 1 43 -1 0 
45 44 1 -1 44 0 
45 997 0 44 45 0 
997 996 1 44 -1 0 
46 45 1 -1 45 0 
46 998 0 45 46 0 
998 997 1 45 -1 0 
47 46 1 -1 46 0 
47 999 0 46 47 0 
999 998 1 46 -1 0 
48 47 1 -1 47 0 
48 1000 0 47 48 0 
1000 999 1 47 -1 0 
49 48 1 -1 48 0 
49 1001 0 48 49 0 
1001 1000 1 48 -1 0 
50 49 1 -1 49 0 
50 1002 0 49 50 0 
1002 1001 1 49 -1 0 
51 50 1 -1 50 0 
51 1003 0 50 51 0 
1003 1002 1 50 -1 0 
52 51 1 -1 51 0 
52 1004 0 51 52 0 
1004 1003 1 51 -1 0 
53 52 1 -1 52 0 
53 1005 0 52 53 0 
1005 1004 1 52 -1 0 
54 53 1 -1 53 0 
54 1006 0 53 54 0 
1006 1005 1 53 -1 0 
55 54 1 -1 54 0 
55 1007 0 54 55 0 
1007 1006 1 54 -1 0 
56 55 1 -1 55 0 
56 1008 0 55 56 0 
1008 1007 1 55 -1 0 
57 56 1 -1 56 0 
57 1009 0 56 57 0 
1009 1008 1 56 -1 0 
58 57 1 -1 57 0 
58 1010 0 57 58 0 
1010 1009 1 57 -1 0 
59 58 1 -1 58 0 
59 1011 0 58 59 0 
1011 1010 1 58 -1 0 
60 59 1 -1 59 0 
60 1012 0 59 60 0 
1012 1011 1 59 -1 0 
61 60 1 -1 60 0 
61 1013 0 60 61 0 
1013 1012 1 60 -1 0 
62 61 1 -1 61 0 
62 1014 0 61 62 0 
1014 1013 1 61 -1 0 
63 62 1 -1 62 0 
63 1015 0 62 63 0 
1015 1014 1 62 -1 0 
64 63 1 -1 63 0 
64 1016 0 63 64 0 
1016 1015 1 63 -1 0 
65 64 1 -1 64 0 
65 1017 0 64 65 0 
1017 1016 1 64 -1 0 
66 65 1 -1 65 0 
66 1018 0 65 66 0 
1018 1017 1 65 -1 0 
67 66 1 -1 66 0 
67 1019 0 66 67 0 
1019 1018 1 66 -1 0 
68 67 1 -1 67 0 
68 1020 0 67 68 0 
1020 1019 1 67 -1 0 
69 68 1 -1 68 0 
69 1021 0 68 69 0 
1021 1020 1 68 -1 0 
70 69 1 -1 69 0 
70 1022 0 69 70 0 
1022 1021 1 69 -1 0 
71 70 1 -1 70 0 
71 1023 0 70 71 0 
1023 1022 1 70 -1 0 
72 71 1 -1 71 0 
72 1024 0 71 72 0 
1024 1023 1 71 -1 0 
73 72 1 -1 72 0 
73 1025 0 72 73 0 
1025 1024 1 72 -1 0 
74 73 1 -1 73 0 
74 1026 0 73 74 0 
1026 1025 1 73 -1 0 
75 74 1 -1 74 0 
75 1027 0 74 75 0 
1027 1026 1 74 -1 0 
76 75 1 -1 75 0 
76 1028 0 75 76 0 
1028 1027 1 75 -1 0 
77 76 1 -1 76 0 
77 1029 0 76 77 0 
1029 1028 1 76 -1 0 
78 77 1 -1 77 0 
78 1030 0 77 78 0 
1030 1029 1 77 -1 0 
79 78 1 -1 78 0 
79 1031 0 78 79 0 
1031 1030 1 78 -1 0 
80 79 1 -1 79 0 
80 1032 0 79 80 0 
1032 1031 1 79 -1 0 
81 80 1 -1 80 0 
81 1033 0 80 81 0 
1033 1032 1 80 -1 0 
82 81 1 -1 81 0 
82 1034 0 81 82 0 
1034 1033 1 81 -1 0 
83 82 1 -1 82 0 
83 1035 0 82 83 0 
1035 1034 1 82 -1 0 
84 83 1 -1 83 0 
84 1036 0 83 84 0 
1036 1035 1 83 -1 0 
85 84 1 -1 84 0 
85 1037 0 84 85 0 
1037 1036 1 84 -1 0 
86 85 1 -1 85 0 
86 1038 0 85 86 0 
1038 1037 1 85 -1 0 
87 86 1 -1 86 0 
87 1039 0 86 87 0 
1039 1038 1 86 -1 0 
88 87 1 -1 87 0 
88 1040 0 87 88 0 
1040 1039 1 87 -1 0 
89 88 1 -1 88 0 
89 1041 0 88 89 0 
1041 1040 1 88 -1 0 
90 89 1 -1 89 0 
90 1042 0 89 90 0 
1042 1041 1 89 -1 0 
91 90 1 -1 90 0 
91 1043 0 90 91 0 
1043 1042 1 90 -1 0 
92 91 1 -1 91 0 
92 1044 0 91 92 0 
1044 1043 1 91 -1 0 
93 92 1 -1 92 0 
93 1045 0 92 93 0 
1045 1044 1 92 -1 0 
94 93 1 -1 93 0 
94 1046 0 93 94 0 
1046 1045 1 93 -1 0 
95 94 1 -1 94 0 
95 1047 0 94 95 0 
1047 1046 1 94 -1 0 
96 95 1 -1 95 0 
96 1048 0 95 96 0 
1048 1047 1 95 -1 0 
97 96 1 -1 96 0 
97 1049 0 96 97 0 
1049 1048 1 96 -1 0 
98 97 1 -1 97 0 
98 1050 0 97 98 0 
1050 1049 1 97 -1 0 
99 98 1 -1 98 0 
99 1051 0 98 99 0 
1051 1050 1 98 -1 0 
100 99 1 -1 99 0 
100 1052 0 99 100 0 
1052 1051 1 99 -1 0 
101 100 1 -1 100 0 
101 1053 0 100 101 0 
1053 1052 1 100 -1 0 
102 101 1 -1 101 0 
102 1054 0 101 102 0 
1054 1053 1 101 -1 0 
103 102 1 -1 102 0 
103 1055 0 102 103 0 
1055 1054 1 102 -1 0 
104 103 1 -1 103 0 
104 1056 0 103 104 0 
1056 1055 1 103 -1 0 
105 104 1 -1 104 0 
105 1057 0 104 105 0 
1057 1056 1 104 -1 0 
106 105 1 -1 105 0 
106 1058 0 105 106 0 
1058 1057 1 105 -1 0 
107 106 1 -1 106 0 
107 1059 0 106 107 0 
1059 1058 1 106 -1 0 
108 107 1 -1 107 0 
108 1060 0 107 108 0 
1060 1059 1 107 -1 0 
109 108 1 -1 108 0 
109 1061 0 108 109 0 
1061 1060 1 108 -1 0 
110 109 1 -1 109 0 
110 1062 0 109 110 0 
1062 1061 1 109 -1 0 
111 110 1 -1 110 0 
111 1063 0 110 111 0 
1063 1062 1 110 -1 0 
112 111 1 -1 111 0 
112 1064 0 111 112 0 
1064 1063 1 111 -1 0 
113 112 1 -1 112 0 
113 1065 0 112 113 0 
1065 1064 1 112 -1 0 
114 113 1 -1 113 0 
114 1066 0 113 114 0 
1066 1065 1 113 -1 0 
115 114 1 -1 114 0 
115 1067 0 114 115 0 
1067 1066 1 114 -1 0 
116 115 1 -1 115 0 
116 1068 0 115 116 0 
1068 1067 1 115 -1 0 
117 116 1 -1 116 0 
117 1069 0 116 117 0 
1069 1068 1 116 -1 0 
118 117 1 -1 117 0 
118 1070 0 117 118 0 
1070 1069 1 117 -1 0 
119 118 1 -1 118 0 
119 1071 0 118 119 0 
1071 1070 1 118 -1 0 
120 119 1 -1 119 0 
120 1072 0 119 120 0 
1072 1071 1 119 -1 0 
121 120 1 -1 120 0 
121 1073 0 120 121 0 
1073 1072 1 120 -1 0 
122 121 1 -1 121 0 
122 1074 0 121 122 0 
1074 1073 1 121 -1 0 
123 122 1 -1 122 0 
123 1075 0 122 123 0 
1075 1074 1 122 -1 0 
124 123 1 -1 123 0 
124 1076 0 123 124 0 
1076 1075 1 123 -1 0 
125 124 1 -1 124 0 
125 1077 0 124 125 0 
1077 1076 1 124 -1 0 
126 125 1 -1 125 0 
126 1078 0 125 126 0 
1078 1077 1 125 -1 0 
127 126 1 -1 126 0 
127 1079 0 126 127 0 
1079 1078 1 126 -1 0 
128 127 1 -1 127 0 
128 1080 0 127 128 0 
1080 1079 1 127 -1 0 
129 128 1 -1 128 0 
129 1081 0 128 129 0 
1081 1080 1 128 -1 0 
130 129 1 -1 129 0 
130 1082 0 129 130 0 
1082 1081 1 129 -1 0 
131 130 1 -1 130 0 
131 1083 0 130 131 0 
1083 1082 1 130 -1 0 
132 131 1 -1 131 0 
132 1084 0 131 132 0 
1084 1083 1 131 -1 0 
133 132 1 -1 132 0 
133 1085 0 132 133 0 
1085 1084 1 132 -1 0 
134 133 1 -1 133 0 
134 1086 0 133 134 0 
1086 1085 1 133 -1 0 
135 134 1 -1 134 0 
135 1087 0 134 135 0 
1087 1086 1 134 -1 0 
136 135 1 -1 135 0 
136 1088 0 135 136 0 
1088 1087 1 135 -1 0 
137 136 1 -1 136 0 
137 1089 0 136 137 0 
1089 1088 1 136 -1 0 
138 137 1 -1 137 0 
138 1090 0 137 138 0 
1090 1089 1 137 -1 0 
139 138 1 -1 138 0 
139 1091 0 138 139 0 
1091 1090 1 138 -1 0 
140 139 1 -1 139 0 
140 1092 0 139 140 0 
1092 1091 1 139 -1 0 
141 140 1 -1 140 0 
141 1093 0 140 141 0 
1093 1092 1 140 -1 0 
142 141 1 -1 141 0 
142 1094 0 141 142 0 
1094 1093 1 141 -1 0 
143 142 1 -1 142 0 
143 1095 0 142 143 0 
1095 1094 1 142 -1 0 
144 143 1 -1 143 0 
144 1096 0 143 144 0 
1096 1095 1 143 -1 0 
145 144 1 -1 144 0 
145 1097 0 144 145 0 
1097 1096 1 144 -1 0 
146 145 1 -1 145 0 
146 1098 0 145 146 0 
1098 1097 1 145 -1 0 
147 146 1 -1 146 0 
147 1099 0 146 147 0 
1099 1098 1 146 -1 0 
148 147 1 -1 147 0 
148 1100 0 147 148 0 
1100 1099 1 147 -1 0 
149 148 1 -1 148 0 
149 1101 0 148 149 0 
1101 1100 1 148 -1 0 
150 149 1 -1 149 0 
150 1102 0 149 150 0 
1102 1101 1 149 -1 0 
151 150 1 -1 150 0 
151 1103 0 150 151 0 
1103 1102 1 150 -1 0 
152 151 1 -1 151 0 
152 1104 0 151 152 0 
1104 1103 1 151 -1 0 
153 152 1 -1 152 0 
153 1105 0 152 153 0 
1105 1104 1 152 -1 0 
154 153 1 -1 153 0 
154 1106 0 153 154 0 
1106 1105 1 153 -1 0 
155 154 1 -1 154 0 
155 1107 0 154 155 0 
1107 1106 1 154 -1 0 
156 155 1 -1 155 0 
156 1108 0 155 156 0 
1108 1107 1 155 -1 0 
157 156 1 -1 156 0 
157 1109 0 156 157 0 
1109 1108 1 156 -1 0 
158 157 1 -1 157 0 
158 1110 0 157 158 0 
1110 1109 1 157 -1 0 
159 158 1 -1 158 0 
159 1111 0 158 159 0 
1111 1110 1 158 -1 0 
160 159 1 -1 159 0 
160 1112 0 159 160 0 
1112 1111 1 159 -1 0 
161 160 1 -1 160 0 
161 1113 0 160 161 0 
1113 1112 1 160 -1 0 
162 161 1 -1 161 0 
162 1114 0 161 162 0 
1114 1113 1 161 -1 0 
163 162 1 -1 162 0 
163 1115 0 162 163 0 
1115 1114 1 162 -1 0 
164 163 1 -1 163 0 
164 1116 0 163 164 0 
1116 1115 1 163 -1 0 
165 164 1 -1 164 0 
165 1117 0 164 165 0 
1117 1116 1 164 -1 0 
166 165 1 -1 165 0 
166 1118 0 165 166 0 
1118 1117 1 165 -1 0 
167 166 1 -1 166 0 
167 1119 0 166 167 0 
1119 1118 1 166 -1 0 
168 167 1 -1 167 0 
168 1120 0 167 168 0 
1120 1119 1 167 -1 0 
169 168 1 -1 168 0 
169 1121 0 168 169 0 
1121 1120 1 168 -1 0 
170 169 1 -1 169 0 
170 1122 0 169 170 0 
1122 1121 1 169 -1 0 
171 170 1 -1 170 0 
171 1123 0 170 171 0 
1123 1122 1 170 -1 0 
172 171 1 -1 171 0 
172 1124 0 171 172 0 
1124 1123 1 171 -1 0 
173 172 1 -1 172 0 
173 1125 0 172 173 0 
1125 1124 1 172 -1 0 
174 173 1 -1 173 0 
174 1126 0 173 174 0 
1126 1125 1 173 -1 0 
175 174 1 -1 174 0 
175 1127 0 174 175 0 
1127 1126 1 174 -1 0 
176 175 1 -1 175 0 
176 1128 0 175 176 0 
1128 1127 1 175 -1 0 
177 176 1 -1 176 0 
177 1129 0 176 177 0 
1129 1128 1 176 -1 0 
178 177 1 -1 177 0 
178 1130 0 177 178 0 
1130 1129 1 177 -1 0 
179 178 1 -1 178 0 
179 1131 0 178 179 0 
1131 1130 1 178 -1 0 
180 179 1 -1 179 0 
180 1132 0 179 180 0 
1132 1131 1 179 -1 0 
181 180 1 -1 180 0 
181 1133 0 180 181 0 
1133 1132 1 180 -1 0 
182 181 1 -1 181 0 
182 1134 0 181 182 0 
1134 1133 1 181 -1 0 
183 182 1 -1 182 0 
183 1135 0 182 183 0 
1135 1134 1 182 -1 0 
184 183 1 -1 183 0 
184 1136 0 183 184 0 
1136 1135 1 183 -1 0 
185 184 1 -1 184 0 
185 1137 0 184 185 0 
1137 1136 1 184 -1 0 
186 185 1 -1 185 0 
186 1138 0 185 186 0 
1138 1137 1 185 -1 0 
187 186 1 -1 186 0 
187 1139 0 186 187 0 
1139 1138 1 186 -1 0 
188 187 1 -1 187 0 
188 1140 0 187 188 0 
1140 1139 1 187 -1 0 
189 188 1 -1 188 0 
189 1141 0 188 189 0 
1141 1140 1 188 -1 0 
190 189 1 -1 189 0 
190 1142 0 189 190 0 
1142 1141 1 189 -1 0 
191 190 1 -1 190 0 
191 1143 0 190 191 0 
1143 1142 1 190 -1 0 
192 191 1 -1 191 0 
192 1144 0 191 192 0 
1144 1143 1 191 -1 0 
193 192 1 -1 192 0 
193 1145 0 192 193 0 
1145 1144 1 192 -1 0 
194 193 1 -1 193 0 
194 1146 0 193 194 0 
1146 1145 1 193 -1 0 
195 194 1 -1 194 0 
195 1147 0 194 195 0 
1147 1146 1 194 -1 0 
196 195 1 -1 195 0 
196 1148 0 195 196 0 
1148 1147 1 195 -1 0 
197 196 1 -1 196 0 
197 1149 0 196 197 0 
1149 1148 1 196 -1 0 
198 197 1 -1 197 0 
198 1150 0 197 198 0 
1150 1149 1 197 -1 0 
199 198 1 -1 198 0 
199 1151 0 198 199 0 
1151 1150 1 198 -1 0 
200 199 1 -1 199 0 
200 1152 0 199 200 0 
1152 1151 1 199 -1 0 
201 200 1 -1 200 0 
201 1153 0 200 201 0 
1153 1152 1 200 -1 0 
202 201 1 -1 201 0 
202 1154 0 201 202 0 
1154 1153 1 201 -1 0 
203 202 1 -1 202 0 
203 1155 0 202 203 0 
1155 1154 1 202 -1 0 
204 203 1 -1 203 0 
204 1156 0 203 204 0 
1156 1155 1 203 -1 0 
205 204 1 -1 204 0 
205 1157 0 204 205 0 
1157 1156 1 204 -1 0 
206 205 1 -1 205 0 
206 1158 0 205 206 0 
1158 1157 1 205 -1 0 
207 206 1 -1 206 0 
207 1159 0 206 207 0 
1159 1158 1 206 -1 0 
208 207 1 -1 207 0 
208 1160 0 207 208 0 
1160 1159 1 207 -1 0 
209 208 1 -1 208 0 
209 1161 0 208 209 0 
1161 1160 1 208 -1 0 
210 209 1 -1 209 0 
210 1162 0 209 210 0 
1162 1161 1 209 -1 0 
211 210 1 -1 210 0 
211 1163 0 210 211 0 
1163 1162 1 210 -1 0 
212 211 1 -1 211 0 
212 1164 0 211 212 0 
1164 1163 1 211 -1 0 
213 212 1 -1 212 0 
213 1165 0 212 213 0 
1165 1164 1 212 -1 0 
214 213 1 -1 213 0 
214 1166 0 213 214 0 
1166 1165 1 213 -1 0 
215 214 1 -1 214 0 
215 1167 0 214 215 0 
1167 1166 1 214 -1 0 
216 215 1 -1 215 0 
216 1168 0 215 216 0 
1168 1167 1 215 -1 0 
217 216 1 -1 216 0 
217 1169 0 216 217 0 
1169 1168 1 216 -1 0 
218 217 1 -1 217 0 
218 1170 0 217 218 0 
1170 1169 1 217 -1 0 
219 218 1 -1 218 0 
219 1171 0 218 219 0 
1171 1170 1 218 -1 0 
220 219 1 -1 219 0 
220 1172 0 219 220 0 
1172 1171 1 219 -1 0 
221 220 1 -1 220 0 
221 1173 0 220 221 0 
1173 1172 1 220 -1 0 
222 221 1 -1 221 0 
222 1174 0 221 222 0 
1174 1173 1 221 -1 0 
223 222 1 -1 222 0 
223 1175 0 222 223 0 
1175 1174 1 222 -1 0 
224 223 1 -1 223 0 
224 1176 0 223 224 0 
1176 1175 1 223 -1 0 
225 224 1 -1 224 0 
225 1177 0 224 225 0 
1177 1176 1 224 -1 0 
226 225 1 -1 225 0 
226 1178 0 225 226 0 
1178 1177 1 225 -1 0 
227 226 1 -1 226 0 
227 1179 0 226 227 0 
1179 1178 1 226 -1 0 
228 227 1 -1 227 0 
228 1180 0 227 228 0 
1180 1179 1 227 -1 0 
229 228 1 -1 228 0 
229 1181 0 228 229 0 
1181 1180 1 228 -1 0 
230 229 1 -1 229 0 
230 1182 0 229 230 0 
1182 1181 1 229 -1 0 
231 230 1 -1 230 0 
231 1183 0 230 231 0 
1183 1182 1 230 -1 0 
232 231 1 -1 231 0 
232 1184 0 231 232 0 
1184 1183 1 231 -1 0 
233 232 1 -1 232 0 
233 1185 0 232 233 0 
1185 1184 1 232 -1 0 
234 233 1 -1 233 0 
234 1186 0 233 234 0 
1186 1185 1 233 -1 0 
235 234 1 -1 234 0 
235 1187 0 234 235 0 
1187 1186 1 234 -1 0 
236 235 1 -1 235 0 
236 1188 0 235 236 0 
1188 1187 1 235 -1 0 
237 236 1 -1 236 0 
237 1189 0 236 237 0 
1189 1188 1 236 -1 0 
238 237 1 -1 237 0 
238 1190 0 237 238 0 
1190 1189 1 237 -1 0 
239 238 1 -1 238 0 
239 1191 0 238 239 0 
1191 1190 1 238 -1 0 
240 239 1 -1 239 0 
240 1192 0 239 240 0 
1192 1191 1 239 -1 0 
241 240 1 -1 240 0 
241 1193 0 240 241 0 
1193 1192 1 240 -1 0 
242 241 1 -1 241 0 
242 1194 0 241 242 0 
1194 1193 1 241 -1 0 
243 242 1 -1 242 0 
243 1195 0 242 243 0 
1195 1194 1 242 -1 0 
244 243 1 -1 243 0 
244 1196 0 243 244 0 
1196 1195 1 243 -1 0 
245 244 1 -1 244 0 
245 1197 0 244 245 0 
1197 1196 1 244 -1 0 
246 245 1 -1 245 0 
246 1198 0 245 246 0 
1198 1197 1 245 -1 0 
247 246 1 -1 246 0 
247 1199 0 246 247 0 
1199 1198 1 246 -1 0 
248 247 1 -1 247 0 
248 1200 0 247 248 0 
1200 1199 1 247 -1 0 
249 248 1 -1 248 0 
249 1201 0 248 249 0 
1201 1200 1 248 -1 0 
250 249 1 -1 249 0 
250 1202 0 249 250 0 
1202 1201 1 249 -1 0 
251 250 1 -1 250 0 
251 1203 0 250 251 0 
1203 1202 1 250 -1 0 
252 251 1 -1 251 0 
252 1204 0 251 252 0 
1204 1203 1 251 -1 0 
253 252 1 -1 252 0 
253 1205 0 252 253 0 
1205 1204 1 252 -1 0 
254 253 1 -1 253 0 
254 1206 0 253 254 0 
1206 1205 1 253 -1 0 
255 254 1 -1 254 0 
255 1207 0 254 255 0 
1207 1206 1 254 -1 0 
256 255 1 -1 255 0 
256 1208 0 255 256 0 
1208 1207 1 255 -1 0 
257 256 1 -1 256 0 
257 1209 0 256 257 0 
1209 1208 1 256 -1 0 
258 257 1 -1 257 0 
258 1210 0 257 258 0 
1210 1209 1 257 -1 0 
259 258 1 -1 258 0 
259 1211 0 258 259 0 
1211 1210 1 258 -1 0 
260 259 1 -1 259 0 
260 1212 0 259 260 0 
1212 1211 1 259 -1 0 
261 260 1 -1 260 0 
261 1213 0 260 261 0 
1213 1212 1 260 -1 0 
262 261 1 -1 261 0 
262 1214 0 261 262 0 
1214 1213 1 261 -1 0 
263 262 1 -1 262 0 
263 1215 0 262 263 0 
1215 1214 1 262 -1 0 
264 263 1 -1 263 0 
264 1216 0 263 264 0 
1216 1215 1 263 -1 0 
265 264 1 -1 264 0 
265 1217 0 264 265 0 
1217 1216 1 264 -1 0 
266 265 1 -1 265 0 
266 1218 0 265 266 0 
1218 1217 1 265 -1 0 
267 266 1 -1 266 0 
267 1219 0 266 267 0 
1219 1218 1 266 -1 0 
268 267 1 -1 267 0 
268 1220 0 267 268 0 
1220 1219 1 267 -1 0 
269 268 1 -1 268 0 
269 1221 0 268 269 0 
1221 1220 1 268 -1 0 
270 269 1 -1 269 0 
270 1222 0 269 270 0 
1222 1221 1 269 -1 0 
271 270 1 -1 270 0 
271 1223 0 270 271 0 
1223 1222 1 270 -1 0 
272 271 1 -1 271 0 
272 1224 0 271 272 0 
1224 1223 1 271 -1 0 
273 272 1 -1 272 0 
273 1225 0 272 273 0 
1225 1224 1 272 -1 0 
274 273 1 -1 273 0 
274 1226 0 273 274 0 
1226 1225 1 273 -1 0 
275 274 1 -1 274 0 
275 1227 0 274 275 0 
1227 1226 1 274 -1 0 
276 275 1 -1 275 0 
276 1228 0 275 276 0 
1228 1227 1 275 -1 0 
277 276 1 -1 276 0 
277 1229 0 276 277 0 
1229 1228 1 276 -1 0 
278 277 1 -1 277 0 
278 1230 0 277 278 0 
1230 1229 1 277 -1 0 
279 278 1 -1 278 0 
279 1231 0 278 279 0 
1231 1230 1 278 -1 0 
280 279 1 -1 279 0 
280 1232 0 279 280 0 
1232 1231 1 279 -1 0 
281 280 1 -1 280 0 
281 1233 0 280 281 0 
1233 1232 1 280 -1 0 
282 281 1 -1 281 0 
282 1234 0 281 282 0 
1234 1233 1 281 -1 0 
283 282 1 -1 282 0 
283 1235 0 282 283 0 
1235 1234 1 282 -1 0 
284 283 1 -1 283 0 
284 1236 0 283 284 0 
1236 1235 1 283 -1 0 
285 284 1 -1 284 0 
285 1237 0 284 285 0 
1237 1236 1 284 -1 0 
286 285 1 -1 285 0 
286 1238 0 285 286 0 
1238 1237 1 285 -1 0 
287 286 1 -1 286 0 
287 1239 0 286 287 0 
1239 1238 1 286 -1 0 
288 287 1 -1 287 0 
288 1240 0 287 288 0 
1240 1239 1 287 -1 0 
289 288 1 -1 288 0 
289 1241 0 288 289 0 
1241 1240 1 288 -1 0 
290 289 1 -1 289 0 
290 1242 0 289 290 0 
1242 1241 1 289 -1 0 
291 290 1 -1 290 0 
291 1243 0 290 291 0 
1243 1242 1 290 -1 0 
292 291 1 -1 291 0 
292 1244 0 291 292 0 
1244 1243 1 291 -1 0 
293 292 1 -1 292 0 
293 1245 0 292 293 0 
1245 1244 1 292 -1 0 
294 293 1 -1 293 0 
294 1246 0 293 294 0 
1246 1245 1 293 -1 0 
295 294 1 -1 294 0 
295 1247 0 294 295 0 
1247 1246 1 294 -1 0 
296 295 1 -1 295 0 
296 1248 0 295 296 0 
1248 1247 1 295 -1 0 
297 296 1 -1 296 0 
297 1249 0 296 297 0 
1249 1248 1 296 -1 0 
298 297 1 -1 297 0 
298 1250 0 297 298 0 
1250 1249 1 297 -1 0 
299 298 1 -1 298 0 
299 1251 0 298 299 0 
1251 1250 1 298 -1 0 
300 299 1 -1 299 0 
300 1252 0 299 300 0 
1252 1251 1 299 -1 0 
301 300 1 -1 300 0 
301 1253 0 300 301 0 
1253 1252 1 300 -1 0 
302 301 1 -1 301 0 
302 1254 0 301 302 0 
1254 1253 1 301 -1 0 
303 302 1 -1 302 0 
303 1255 0 302 303 0 
1255 1254 1 302 -1 0 
304 303 1 -1 303 0 
304 1256 0 303 304 0 
1256 1255 1 303 -1 0 
305 304 1 -1 304 0 
305 1257 0 304 305 0 
1257 1256 1 304 -1 0 
306 305 1 -1 305 0 
306 1258 0 305 306 0 
1258 1257 1 305 -1 0 
307 306 1 -1 306 0 
307 1259 0 306 307 0 
1259 1258 1 306 -1 0 
308 307 1 -1 307 0 
308 1260 0 307 308 0 
1260 1259 1 307 -1 0 
309 308 1 -1 308 0 
309 1261 0 308 309 0 
1261 1260 1 308 -1 0 
310 309 1 -1 309 0 
310 1262 0 309 310 0 
1262 1261 1 309 -1 0 
311 310 1 -1 310 0 
311 1263 0 310 311 0 
1263 1262 1 310 -1 0 
312 311 1 -1 311 0 
312 1264 0 311 312 0 
1264 1263 1 311 -1 0 
313 312 1 -1 312 0 
313 1265 0 312 313 0 
1265 1264 1 312 -1 0 
314 313 1 -1 313 0 
314 1266 0 313 314 0 
1266 1265 1 313 -1 0 
315 314 1 -1 314 0 
315 1267 0 314 315 0 
1267 1266 1 314 -1 0 
316 315 1 -1 315 0 
316 1268 0 315 316 0 
1268 1267 1 315 -1 0 
317 316 1 -1 316 0 
317 1269 0 316 317 0 
1269 1268 1 316 -1 0 
318 317 1 -1 317 0 
318 1270 0 317 318 0 
1270 1269 1 317 -1 0 
319 318 1 -1 318 0 
319 1271 0 318 319 0 
1271 1270 1 318 -1 0 
320 319 1 -1 319 0 
320 1272 0 319 320 0 
1272 1271 1 319 -1 0 
321 320 1 -1 320 0 
321 1273 0 320 321 0 
1273 1272 1 320 -1 0 
322 321 1 -1 321 0 
322 1274 0 321 322 0 
1274 1273 1 321 -1 0 
323 322 1 -1 322 0 
323 1275 0 322 323 0 
1275 1274 1 322 -1 0 
324 323 1 -1 323 0 
324 1276 0 323 324 0 
1276 1275 1 323 -1 0 
325 324 1 -1 324 0 
325 1277 0 324 325 0 
1277 1276 1 324 -1 0 
326 325 1 -1 325 0 
326 1278 0 325 326 0 
1278 1277 1 325 -1 0 
327 326 1 -1 326 0 
327 1279 0 326 327 0 
1279 1278 1 326 -1 0 
328 327 1 -1 327 0 
328 1280 0 327 328 0 
1280 1279 1 327 -1 0 
329 328 1 -1 328 0 
329 1281 0 328 329 0 
1281 1280 1 328 -1 0 
330 329 1 -1 329 0 
330 1282 0 329 330 0 
1282 1281 1 329 -1 0 
331 330 1 -1 330 0 
331 1283 0 330 331 0 
1283 1282 1 330 -1 0 
332 331 1 -1 331 0 
332 1284 0 331 332 0 
1284 1283 1 331 -1 0 
333 332 1 -1 332 0 
333 1285 0 332 333 0 
1285 1284 1 332 -1 0 
334 333 1 -1 333 0 
334 1286 0 333 334 0 
1286 1285 1 333 -1 0 
335 334 1 -1 334 0 
335 1287 0 334 335 0 
1287 1286 1 334 -1 0 
336 335 1 -1 335 0 
336 1288 0 335 336 0 
1288 1287 1 335 -1 0 
337 336 1 -1 336 0 
337 1289 0 336 337 0 
1289 1288 1 336 -1 0 
338 337 1 -1 337 0 
338 1290 0 337 338 0 
1290 1289 1 337 -1 0 
339 338 1 -1 338 0 
339 1291 0 338 339 0 
1291 1290 1 338 -1 0 
340 339 1 -1 339 0 
340 1292 0 339 340 0 
1292 1291 1 339 -1 0 
341 340 1 -1 340 0 
341 1293 0 340 341 0 
1293 1292 1 340 -1 0 
342 341 1 -1 341 0 
342 1294 0 341 342 0 
1294 1293 1 341 -1 0 
343 342 1 -1 342 0 
343 1295 0 342 343 0 
1295 1294 1 342 -1 0 
344 343 1 -1 343 0 
344 1296 0 343 344 0 
1296 1295 1 343 -1 0 
345 344 1 -1 344 0 
345 1297 0 344 345 0 
1297 1296 1 344 -1 0 
346 345 1 -1 345 0 
346 1298 0 345 346 0 
1298 1297 1 345 -1 0 
347 346 1 -1 346 0 
347 1299 0 346 347 0 
1299 1298 1 346 -1 0 
348 347 1 -1 347 0 
348 1300 0 347 348 0 
1300 1299 1 347 -1 0 
349 348 1 -1 348 0 
349 1301 0 348 349 0 
1301 1300 1 348 -1 0 
350 349 1 -1 349 0 
350 1302 0 349 350 0 
1302 1301 1 349 -1 0 
351 350 1 -1 350 0 
351 1303 0 350 351 0 
1303 1302 1 350 -1 0 
352 351 1 -1 351 0 
352 1304 0 351 352 0 
1304 1303 1 351 -1 0 
353 352 1 -1 352 0 
353 1305 0 352 353 0 
1305 1304 1 352 -1 0 
354 353 1 -1 353 0 
354 1306 0 353 354 0 
1306 1305 1 353 -1 0 
355 354 1 -1 354 0 
355 1307 0 354 355 0 
1307 1306 1 354 -1 0 
356 355 1 -1 355 0 
356 1308 0 355 356 0 
1308 1307 1 355 -1 0 
357 356 1 -1 356 0 
357 1309 0 356 357 0 
1309 1308 1 356 -1 0 
358 357 1 -1 357 0 
358 1310 0 357 358 0 
1310 1309 1 357 -1 0 
359 358 1 -1 358 0 
359 1311 0 358 359 0 
1311 1310 1 358 -1 0 
360 359 1 -1 359 0 
360 1312 0 359 360 0 
1312 1311 1 359 -1 0 
361 360 1 -1 360 0 
361 1313 0 360 361 0 
1313 1312 1 360 -1 0 
362 361 1 -1 361 0 
362 1314 0 361 362 0 
1314 1313 1 361 -1 0 
363 362 1 -1 362 0 
363 1315 0 362 363 0 
1315 1314 1 362 -1 0 
364 363 1 -1 363 0 
364 1316 0 363 364 0 
1316 1315 1 363 -1 0 
365 364 1 -1 364 0 
365 1317 0 364 365 0 
1317 1316 1 364 -1 0 
366 365 1 -1 365 0 
366 1318 0 365 366 0 
1318 1317 1 365 -1 0 
367 366 1 -1 366 0 
367 1319 0 366 367 0 
1319 1318 1 366 -1 0 
368 367 1 -1 367 0 
368 1320 0 367 368 0 
1320 1319 1 367 -1 0 
369 368 1 -1 368 0 
369 1321 0 368 369 0 
1321 1320 1 368 -1 0 
370 369 1 -1 369 0 
370 1322 0 369 370 0 
1322 1321 1 369 -1 0 
371 370 1 -1 370 0 
371 1323 0 370 371 0 
1323 1322 1 370 -1 0 
372 371 1 -1 371 0 
372 1324 0 371 372 0 
1324 1323 1 371 -1 0 
373 372 1 -1 372 0 
373 1325 0 372 373 0 
1325 1324 1 372 -1 0 
374 373 1 -1 373 0 
374 1326 0 373 374 0 
1326 1325 1 373 -1 0 
375 374 1 -1 374 0 
375 1327 0 374 375 0 
1327 1326 1 374 -1 0 
376 375 1 -1 375 0 
376 1328 0 375 376 0 
1328 1327 1 375 -1 0 
377 376 1 -1 376 0 
377 1329 0 376 377 0 
1329 1328 1 376 -1 0 
378 377 1 -1 377 0 
378 1330 0 377 378 0 
1330 1329 1 377 -1 0 
379 378 1 -1 378 0 
379 1331 0 378 379 0 
1331 1330 1 378 -1 0 
380 379 1 -1 379 0 
380 1332 0 379 380 0 
1332 1331 1 379 -1 0 
381 380 1 -1 380 0 
381 1333 0 380 381 0 
1333 1332 1 380 -1 0 
382 381 1 -1 381 0 
382 1334 0 381 382 0 
1334 1333 1 381 -1 0 
383 382 1 -1 382 0 
383 1335 0 382 383 0 
1335 1334 1 382 -1 0 
384 383 1 -1 383 0 
384 1336 0 383 384 0 
1336 1335 1 383 -1 0 
385 384 1 -1 384 0 
385 1337 0 384 385 0 
1337 1336 1 384 -1 0 
386 385 1 -1 385 0 
386 1338 0 385 386 0 
1338 1337 1 385 -1 0 
387 386 1 -1 386 0 
387 1339 0 386 387 0 
1339 1338 1 386 -1 0 
388 387 1 -1 387 0 
388 1340 0 387 388 0 
1340 1339 1 387 -1 0 
389 388 1 -1 388 0 
389 1341 0 388 389 0 
1341 1340 1 388 -1 0 
390 389 1 -1 389 0 
390 1342 0 389 390 0 
1342 1341 1 389 -1 0 
391 390 1 -1 390 0 
391 1343 0 390 391 0 
1343 1342 1 390 -1 0 
392 391 1 -1 391 0 
392 1344 0 391 392 0 
1344 1343 1 391 -1 0 
393 392 1 -1 392 0 
393 1345 0 392 393 0 
1345 1344 1 392 -1 0 
394 393 1 -1 393 0 
394 1346 0 393 394 0 
1346 1345 1 393 -1 0 
395 394 1 -1 394 0 
395 1347 0 394 395 0 
1347 1346 1 394 -1 0 
396 395 1 -1 395 0 
396 1348 0 395 396 0 
1348 1347 1 395 -1 0 
397 396 1 -1 396 0 
397 1349 0 396 397 0 
1349 1348 1 396 -1 0 
398 397 1 -1 397 0 
398 1350 0 397 398 0 
1350 1349 1 397 -1 0 
399 398 1 -1 398 0 
399 1351 0 398 399 0 
1351 1350 1 398 -1 0 
400 399 1 -1 399 0 
400 1352 0 399 400 0 
1352 1351 1 399 -1 0 
401 400 1 -1 400 0 
401 1353 0 400 401 0 
1353 1352 1 400 -1 0 
402 401 1 -1 401 0 
402 1354 0 401 402 0 
1354 1353 1 401 -1 0 
403 402 1 -1 402 0 
403 1355 0 402 403 0 
1355 1354 1 402 -1 0 
404 403 1 -1 403 0 
404 1356 0 403 404 0 
1356 1355 1 403 -1 0 
405 404 1 -1 404 0 
405 1357 0 404 405 0 
1357 1356 1 404 -1 0 
406 405 1 -1 405 0 
406 1358 0 405 406 0 
1358 1357 1 405 -1 0 
407 406 1 -1 406 0 
407 1359 0 406 407 0 
1359 1358 1 406 -1 0 
408 407 1 -1 407 0 
408 1360 0 407 408 0 
1360 1359 1 407 -1 0 
409 408 1 -1 408 0 
409 1361 0 408 409 0 
1361 1360 1 408 -1 0 
410 409 1 -1 409 0 
410 1362 0 409 410 0 
1362 1361 1 409 -1 0 
411 410 1 -1 410 0 
411 1363 0 410 411 0 
1363 1362 1 410 -1 0 
412 411 1 -1 411 0 
412 1364 0 411 412 0 
1364 1363 1 411 -1 0 
413 412 1 -1 412 0 
413 1365 0 412 413 0 
1365 1364 1 412 -1 0 
414 413 1 -1 413 0 
414 1366 0 413 414 0 
1366 1365 1 413 -1 0 
415 414 1 -1 414 0 
415 1367 0 414 415 0 
1367 1366 1 414 -1 0 
416 415 1 -1 415 0 
416 1368 0 415 416 0 
1368 1367 1 415 -1 0 
417 416 1 -1 416 0 
417 1369 0 416 417 0 
1369 1368 1 416 -1 0 
418 417 1 -1 417 0 
418 1370 0 417 418 0 
1370 1369 1 417 -1 0 
419 418 1 -1 418 0 
419 1371 0 418 419 0 
1371 1370 1 418 -1 0 
420 419 1 -1 419 0 
420 1372 0 419 420 0 
1372 1371 1 419 -1 0 
421 420 1 -1 420 0 
421 1373 0 420 421 0 
1373 1372 1 420 -1 0 
422 421 1 -1 421 0 
422 1374 0 421 422 0 
1374 1373 1 421 -1 0 
423 422 1 -1 422 0 
423 1375 0 422 423 0 
1375 1374 1 422 -1 0 
424 423 1 -1 423 0 
424 1376 0 423 424 0 
1376 1375 1 423 -1 0 
425 424 1 -1 424 0 
425 1377 0 424 425 0 
1377 1376 1 424 -1 0 
426 425 1 -1 425 0 
426 1378 0 425 426 0 
1378 1377 1 425 -1 0 
427 426 1 -1 426 0 
427 1379 0 426 427 0 
1379 1378 1 426 -1 0 
428 427 1 -1 427 0 
428 1380 0 427 428 0 
1380 1379 1 427 -1 0 
429 428 1 -1 428 0 
429 1381 0 428 429 0 
1381 1380 1 428 -1 0 
430 429 1 -1 429 0 
430 1382 0 429 430 0 
1382 1381 1 429 -1 0 
431 430 1 -1 430 0 
431 1383 0 430 431 0 
1383 1382 1 430 -1 0 
432 431 1 -1 431 0 
432 1384 0 431 432 0 
1384 1383 1 431 -1 0 
433 432 1 -1 432 0 
433 1385 0 432 433 0 
1385 1384 1 432 -1 0 
434 433 1 -1 433 0 
434 1386 0 433 434 0 
1386 1385 1 433 -1 0 
435 434 1 -1 434 0 
435 1387 0 434 435 0 
1387 1386 1 434 -1 0 
436 435 1 -1 435 0 
436 1388 0 435 436 0 
1388 1387 1 435 -1 0 
437 436 1 -1 436 0 
437 1389 0 436 437 0 
1389 1388 1 436 -1 0 
438 437 1 -1 437 0 
438 1390 0 437 438 0 
1390 1389 1 437 -1 0 
439 438 1 -1 438 0 
439 1391 0 438 439 0 
1391 1390 1 438 -1 0 
440 439 1 -1 439 0 
440 1392 0 439 440 0 
1392 1391 1 439 -1 0 
441 440 1 -1 440 0 
441 1393 0 440 441 0 
1393 1392 1 440 -1 0 
442 441 1 -1 441 0 
442 1394 0 441 442 0 
1394 1393 1 441 -1 0 
443 442 1 -1 442 0 
443 1395 0 442 443 0 
1395 1394 1 442 -1 0 
444 443 1 -1 443 0 
444 1396 0 443 444 0 
1396 1395 1 443 -1 0 
445 444 1 -1 444 0 
445 1397 0 444 445 0 
1397 1396 1 444 -1 0 
446 445 1 -1 445 0 
446 1398 0 445 446 0 
1398 1397 1 445 -1 0 
447 446 1 -1 446 0 
447 1399 0 446 447 0 
1399 1398 1 446 -1 0 
448 447 1 -1 447 0 
448 1400 0 447 448 0 
1400 1399 1 447 -1 0 
449 448 1 -1 448 0 
449 1401 0 448 449 0 
1401 1400 1 448 -1 0 
450 449 1 -1 449 0 
450 1402 0 449 450 0 
1402 1401 1 449 -1 0 
451 450 1 -1 450 0 
451 1403 0 450 451 0 
1403 1402 1 450 -1 0 
452 451 1 -1 451 0 
452 1404 0 451 452 0 
1404 1403 1 451 -1 0 
453 452 1 -1 452 0 
453 1405 0 452 453 0 
1405 1404 1 452 -1 0 
454 453 1 -1 453 0 
454 1406 0 453 454 0 
1406 1405 1 453 -1 0 
455 454 1 -1 454 0 
455 1407 0 454 455 0 
1407 1406 1 454 -1 0 
456 455 1 -1 455 0 
456 1408 0 455 456 0 
1408 1407 1 455 -1 0 
457 456 1 -1 456 0 
457 1409 0 456 457 0 
1409 1408 1 456 -1 0 
458 457 1 -1 457 0 
458 1410 0 457 458 0 
1410 1409 1 457 -1 0 
459 458 1 -1 458 0 
459 1411 0 458 459 0 
1411 1410 1 458 -1 0 
460 459 1 -1 459 0 
460 1412 0 459 460 0 
1412 1411 1 459 -1 0 
461 460 1 -1 460 0 
461 1413 0 460 461 0 
1413 1412 1 460 -1 0 
462 461 1 -1 461 0 
462 1414 0 461 462 0 
1414 1413 1 461 -1 0 
463 462 1 -1 462 0 
463 1415 0 462 463 0 
1415 1414 1 462 -1 0 
464 463 1 -1 463 0 
464 1416 0 463 464 0 
1416 1415 1 463 -1 0 
465 464 1 -1 464 0 
465 1417 0 464 465 0 
1417 1416 1 464 -1 0 
466 465 1 -1 465 0 
466 1418 0 465 466 0 
1418 1417 1 465 -1 0 
467 466 1 -1 466 0 
467 1419 0 466 467 0 
1419 1418 1 466 -1 0 
468 467 1 -1 467 0 
468 1420 0 467 468 0 
1420 1419 1 467 -1 0 
469 468 1 -1 468 0 
469 1421 0 468 469 0 
1421 1420 1 468 -1 0 
470 469 1 -1 469 0 
470 1422 0 469 470 0 
1422 1421 1 469 -1 0 
471 470 1 -1 470 0 
471 1423 0 470 471 0 
1423 1422 1 470 -1 0 
472 471 1 -1 471 0 
472 1424 0 471 472 0 
1424 1423 1 471 -1 0 
473 472 1 -1 472 0 
473 1425 0 472 473 0 
1425 1424 1 472 -1 0 
474 473 1 -1 473 0 
474 1426 0 473 474 0 
1426 1425 1 473 -1 0 
475 474 1 -1 474 0 
475 1427 0 474 475 0 
1427 1426 1 474 -1 0 
476 475 1 -1 475 0 
476 1428 0 475 476 0 
1428 1427 1 475 -1 0 
477 476 1 -1 476 0 
477 1429 0 476 477 0 
1429 1428 1 476 -1 0 
478 477 1 -1 477 0 
478 1430 0 477 478 0 
1430 1429 1 477 -1 0 
479 478 1 -1 478 0 
479 1431 0 478 479 0 
1431 1430 1 478 -1 0 
480 479 1 -1 479 0 
480 1432 0 479 480 0 
1432 1431 1 479 -1 0 
481 480 1 -1 480 0 
481 1433 0 480 481 0 
1433 1432 1 480 -1 0 
482 481 1 -1 481 0 
482 1434 0 481 482 0 
1434 1433 1 481 -1 0 
483 482 1 -1 482 0 
483 1435 0 482 483 0 
1435 1434 1 482 -1 0 
484 483 1 -1 483 0 
484 1436 0 483 484 0 
1436 1435 1 483 -1 0 
485 484 1 -1 484 0 
485 1437 0 484 485 0 
1437 1436 1 484 -1 0 
486 485 1 -1 485 0 
486 1438 0 485 486 0 
1438 1437 1 485 -1 0 
487 486 1 -1 486 0 
487 1439 0 486 487 0 
1439 1438 1 486 -1 0 
488 487 1 -1 487 0 
488 1440 0 487 488 0 
1440 1439 1 487 -1 0 
489 488 1 -1 488 0 
489 1441 0 488 489 0 
1441 1440 1 488 -1 0 
490 489 1 -1 489 0 
490 1442 0 489 490 0 
1442 1441 1 489 -1 0 
491 490 1 -1 490 0 
491 1443 0 490 491 0 
1443 1442 1 490 -1 0 
492 491 1 -1 491 0 
492 1444 0 491 492 0 
1444 1443 1 491 -1 0 
493 492 1 -1 492 0 
493 1445 0 492 493 0 
1445 1444 1 492 -1 0 
494 493 1 -1 493 0 
494 1446 0 493 494 0 
1446 1445 1 493 -1 0 
495 494 1 -1 494 0 
495 1447 0 494 495 0 
1447 1446 1 494 -1 0 
496 495 1 -1 495 0 
496 1448 0 495 496 0 
1448 1447 1 495 -1 0 
497 496 1 -1 496 0 
497 1449 0 496 497 0 
1449 1448 1 496 -1 0 
498 497 1 -1 497 0 
498 1450 0 497 498 0 
1450 1449 1 497 -1 0 
499 498 1 -1 498 0 
499 1451 0 498 499 0 
1451 1450 1 498 -1 0 
500 499 1 -1 499 0 
500 1452 0 499 500 0 
1452 1451 1 499 -1 0 
501 500 1 -1 500 0 
501 1453 0 500 501 0 
1453 1452 1 500 -1 0 
502 501 1 -1 501 0 
502 1454 0 501 502 0 
1454 1453 1 501 -1 0 
503 502 1 -1 502 0 
503 1455 0 502 503 0 
1455 1454 1 502 -1 0 
504 503 1 -1 503 0 
504 1456 0 503 504 0 
1456 1455 1 503 -1 0 
505 504 1 -1 504 0 
505 1457 0 504 505 0 
1457 1456 1 504 -1 0 
506 505 1 -1 505 0 
506 1458 0 505 506 0 
1458 1457 1 505 -1 0 
507 506 1 -1 506 0 
507 1459 0 506 507 0 
1459 1458 1 506 -1 0 
508 507 1 -1 507 0 
508 1460 0 507 508 0 
1460 1459 1 507 -1 0 
509 508 1 -1 508 0 
509 1461 0 508 509 0 
1461 1460 1 508 -1 0 
510 509 1 -1 509 0 
510 1462 0 509 510 0 
1462 1461 1 509 -1 0 
511 510 1 -1 510 0 
511 1463 0 510 511 0 
1463 1462 1 510 -1 0 
512 511 1 -1 511 0 
512 1464 0 511 512 0 
1464 1463 1 511 -1 0 
513 512 1 -1 512 0 
513 1465 0 512 513 0 
1465 1464 1 512 -1 0 
514 513 1 -1 513 0 
514 1466 0 513 514 0 
1466 1465 1 513 -1 0 
515 514 1 -1 514 0 
515 1467 0 514 515 0 
1467 1466 1 514 -1 0 
516 515 1 -1 515 0 
516 1468 0 515 516 0 
1468 1467 1 515 -1 0 
517 516 1 -1 516 0 
517 1469 0 516 517 0 
1469 1468 1 516 -1 0 
518 517 1 -1 517 0 
518 1470 0 517 518 0 
1470 1469 1 517 -1 0 
519 518 1 -1 518 0 
519 1471 0 518 519 0 
1471 1470 1 518 -1 0 
520 519 1 -1 519 0 
520 1472 0 519 520 0 
1472 1471 1 519 -1 0 
521 520 1 -1 520 0 
521 1473 0 520 521 0 
1473 1472 1 520 -1 0 
522 521 1 -1 521 0 
522 1474 0 521 522 0 
1474 1473 1 521 -1 0 
523 522 1 -1 522 0 
523 1475 0 522 523 0 
1475 1474 1 522 -1 0 
524 523 1 -1 523 0 
524 1476 0 523 524 0 
1476 1475 1 523 -1 0 
525 524 1 -1 524 0 
525 1477 0 524 525 0 
1477 1476 1 524 -1 0 
526 525 1 -1 525 0 
526 1478 0 525 526 0 
1478 1477 1 525 -1 0 
527 526 1 -1 526 0 
527 1479 0 526 527 0 
1479 1478 1 526 -1 0 
528 527 1 -1 527 0 
528 1480 0 527 528 0 
1480 1479 1 527 -1 0 
529 528 1 -1 528 0 
529 1481 0 528 529 0 
1481 1480 1 528 -1 0 
530 529 1 -1 529 0 
530 1482 0 529 530 0 
1482 1481 1 529 -1 0 
531 530 1 -1 530 0 
531 1483 0 530 531 0 
1483 1482 1 530 -1 0 
532 531 1 -1 531 0 
532 1484 0 531 532 0 
1484 1483 1 531 -1 0 
533 532 1 -1 532 0 
533 1485 0 532 533 0 
1485 1484 1 532 -1 0 
534 533 1 -1 533 0 
534 1486 0 533 534 0 
1486 1485 1 533 -1 0 
535 534 1 -1 534 0 
535 1487 0 534 535 0 
1487 1486 1 534 -1 0 
536 535 1 -1 535 0 
536 1488 0 535 536 0 
1488 1487 1 535 -1 0 
537 536 1 -1 536 0 
537 1489 0 536 537 0 
1489 1488 1 536 -1 0 
538 537 1 -1 537 0 
538 1490 0 537 538 0 
1490 1489 1 537 -1 0 
539 538 1 -1 538 0 
539 1491 0 538 539 0 
1491 1490 1 538 -1 0 
540 539 1 -1 539 0 
540 1492 0 539 540 0 
1492 1491 1 539 -1 0 
541 540 1 -1 540 0 
541 1493 0 540 541 0 
1493 1492 1 540 -1 0 
542 541 1 -1 541 0 
542 1494 0 541 542 0 
1494 1493 1 541 -1 0 
543 542 1 -1 542 0 
543 1495 0 542 543 0 
1495 1494 1 542 -1 0 
544 543 1 -1 543 0 
544 1496 0 543 544 0 
1496 1495 1 543 -1 0 
545 544 1 -1 544 0 
545 1497 0 544 545 0 
1497 1496 1 544 -1 0 
546 545 1 -1 545 0 
546 1498 0 545 546 0 
1498 1497 1 545 -1 0 
547 546 1 -1 546 0 
547 1499 0 546 547 0 
1499 1498 1 546 -1 0 
548 547 1 -1 547 0 
548 1500 0 547 548 0 
1500 1499 1 547 -1 0 
549 548 1 -1 548 0 
549 1501 0 548 549 0 
1501 1500 1 548 -1 0 
550 549 1 -1 549 0 
550 1502 0 549 550 0 
1502 1501 1 549 -1 0 
551 550 1 -1 550 0 
551 1503 0 550 551 0 
1503 1502 1 550 -1 0 
552 551 1 -1 551 0 
552 1504 0 551 552 0 
1504 1503 1 551 -1 0 
553 552 1 -1 552 0 
553 1505 0 552 553 0 
1505 1504 1 552 -1 0 
554 553 1 -1 553 0 
554 1506 0 553 554 0 
1506 1505 1 553 -1 0 
555 554 1 -1 554 0 
555 1507 0 554 555 0 
1507 1506 1 554 -1 0 
556 555 1 -1 555 0 
556 1508 0 555 556 0 
1508 1507 1 555 -1 0 
557 556 1 -1 556 0 
557 1509 0 556 557 0 
1509 1508 1 556 -1 0 
558 557 1 -1 557 0 
558 1510 0 557 558 0 
1510 1509 1 557 -1 0 
559 558 1 -1 558 0 
559 1511 0 558 559 0 
1511 1510 1 558 -1 0 
560 559 1 -1 559 0 
560 1512 0 559 560 0 
1512 1511 1 559 -1 0 
561 560 1 -1 560 0 
561 1513 0 560 561 0 
1513 1512 1 560 -1 0 
562 561 1 -1 561 0 
562 1514 0 561 562 0 
1514 1513 1 561 -1 0 
563 562 1 -1 562 0 
563 1515 0 562 563 0 
1515 1514 1 562 -1 0 
564 563 1 -1 563 0 
564 1516 0 563 564 0 
1516 1515 1 563 -1 0 
565 564 1 -1 564 0 
565 1517 0 564 565 0 
1517 1516 1 564 -1 0 
566 565 1 -1 565 0 
566 1518 0 565 566 0 
1518 1517 1 565 -1 0 
567 566 1 -1 566 0 
567 1519 0 566 567 0 
1519 1518 1 566 -1 0 
568 567 1 -1 567 0 
568 1520 0 567 568 0 
1520 1519 1 567 -1 0 
569 568 1 -1 568 0 
569 1521 0 568 569 0 
1521 1520 1 568 -1 0 
570 569 1 -1 569 0 
570 1522 0 569 570 0 
1522 1521 1 569 -1 0 
571 570 1 -1 570 0 
571 1523 0 570 571 0 
1523 1522 1 570 -1 0 
572 571 1 -1 571 0 
572 1524 0 571 572 0 
1524 1523 1 571 -1 0 
573 572 1 -1 572 0 
573 1525 0 572 573 0 
1525 1524 1 572 -1 0 
574 573 1 -1 573 0 
574 1526 0 573 574 0 
1526 1525 1 573 -1 0 
575 574 1 -1 574 0 
575 1527 0 574 575 0 
1527 1526 1 574 -1 0 
576 575 1 -1 575 0 
576 1528 0 575 576 0 
1528 1527 1 575 -1 0 
577 576 1 -1 576 0 
577 1529 0 576 577 0 
1529 1528 1 576 -1 0 
578 577 1 -1 577 0 
578 1530 0 577 578 0 
1530 1529 1 577 -1 0 
579 578 1 -1 578 0 
579 1531 0 578 579 0 
1531 1530 1 578 -1 0 
580 579 1 -1 579 0 
580 1532 0 579 580 0 
1532 1531 1 579 -1 0 
581 580 1 -1 580 0 
581 1533 0 580 581 0 
1533 1532 1 580 -1 0 
582 581 1 -1 581 0 
582 1534 0 581 582 0 
1534 1533 1 581 -1 0 
583 582 1 -1 582 0 
583 1535 0 582 583 0 
1535 1534 1 582 -1 0 
584 583 1 -1 583 0 
584 1536 0 583 584 0 
1536 1535 1 583 -1 0 
585 584 1 -1 584 0 
585 1537 0 584 585 0 
1537 1536 1 584 -1 0 
586 585 1 -1 585 0 
586 1538 0 585 586 0 
1538 1537 1 585 -1 0 
587 586 1 -1 586 0 
587 1539 0 586 587 0 
1539 1538 1 586 -1 0 
588 587 1 -1 587 0 
588 1540 0 587 588 0 
1540 1539 1 587 -1 0 
589 588 1 -1 588 0 
589 1541 0 588 589 0 
1541 1540 1 588 -1 0 
590 589 1 -1 589 0 
590 1542 0 589 590 0 
1542 1541 1 589 -1 0 
591 590 1 -1 590 0 
591 1543 0 590 591 0 
1543 1542 1 590 -1 0 
592 591 1 -1 591 0 
592 1544 0 591 592 0 
1544 1543 1 591 -1 0 
593 592 1 -1 592 0 
593 1545 0 592 593 0 
1545 1544 1 592 -1 0 
594 593 1 -1 593 0 
594 1546 0 593 594 0 
1546 1545 1 593 -1 0 
595 594 1 -1 594 0 
595 1547 0 594 595 0 
1547 1546 1 594 -1 0 
596 595 1 -1 595 0 
596 1548 0 595 596 0 
1548 1547 1 595 -1 0 
597 596 1 -1 596 0 
597 1549 0 596 597 0 
1549 1548 1 596 -1 0 
598 597 1 -1 597 0 
598 1550 0 597 598 0 
1550 1549 1 597 -1 0 
599 598 1 -1 598 0 
599 1551 0 598 599 0 
1551 1550 1 598 -1 0 
600 599 1 -1 599 0 
600 1552 0 599 600 0 
1552 1551 1 599 -1 0 
601 600 1 -1 600 0 
601 1553 0 600 601 0 
1553 1552 1 600 -1 0 
602 601 1 -1 601 0 
602 1554 0 601 602 0 
1554 1553 1 601 -1 0 
603 602 1 -1 602 0 
603 1555 0 602 603 0 
1555 1554 1 602 -1 0 
604 603 1 -1 603 0 
604 1556 0 603 604 0 
1556 1555 1 603 -1 0 
605 604 1 -1 604 0 
605 1557 0 604 605 0 
1557 1556 1 604 -1 0 
606 605 1 -1 605 0 
606 1558 0 605 606 0 
1558 1557 1 605 -1 0 
607 606 1 -1 606 0 
607 1559 0 606 607 0 
1559 1558 1 606 -1 0 
608 607 1 -1 607 0 
608 1560 0 607 608 0 
1560 1559 1 607 -1 0 
609 608 1 -1 608 0 
609 1561 0 608 609 0 
1561 1560 1 608 -1 0 
610 609 1 -1 609 0 
610 1562 0 609 610 0 
1562 1561 1 609 -1 0 
611 610 1 -1 610 0 
611 1563 0 610 611 0 
1563 1562 1 610 -1 0 
612 611 1 -1 611 0 
612 1564 0 611 612 0 
1564 1563 1 611 -1 0 
613 612 1 -1 612 0 
613 1565 0 612 613 0 
1565 1564 1 612 -1 0 
614 613 1 -1 613 0 
614 1566 0 613 614 0 
1566 1565 1 613 -1 0 
615 614 1 -1 614 0 
615 1567 0 614 615 0 
1567 1566 1 614 -1 0 
616 615 1 -1 615 0 
616 1568 0 615 616 0 
1568 1567 1 615 -1 0 
617 616 1 -1 616 0 
617 1569 0 616 617 0 
1569 1568 1 616 -1 0 
618 617 1 -1 617 0 
618 1570 0 617 618 0 
1570 1569 1 617 -1 0 
619 618 1 -1 618 0 
619 1571 0 618 619 0 
1571 1570 1 618 -1 0 
620 619 1 -1 619 0 
620 1572 0 619 620 0 
1572 1571 1 619 -1 0 
621 620 1 -1 620 0 
621 1573 0 620 621 0 
1573 1572 1 620 -1 0 
622 621 1 -1 621 0 
622 1574 0 621 622 0 
1574 1573 1 621 -1 0 
623 622 1 -1 622 0 
623 1575 0 622 623 0 
1575 1574 1 622 -1 0 
624 623 1 -1 623 0 
624 1576 0 623 624 0 
1576 1575 1 623 -1 0 
625 624 1 -1 624 0 
625 1577 0 624 625 0 
1577 1576 1 624 -1 0 
626 625 1 -1 625 0 
626 1578 0 625 626 0 
1578 1577 1 625 -1 0 
627 626 1 -1 626 0 
627 1579 0 626 627 0 
1579 1578 1 626 -1 0 
628 627 1 -1 627 0 
628 1580 0 627 628 0 
1580 1579 1 627 -1 0 
629 628 1 -1 628 0 
629 1581 0 628 629 0 
1581 1580 1 628 -1 0 
630 629 1 -1 629 0 
630 1582 0 629 630 0 
1582 1581 1 629 -1 0 
631 630 1 -1 630 0 
631 1583 0 630 631 0 
1583 1582 1 630 -1 0 
632 631 1 -1 631 0 
632 1584 0 631 632 0 
1584 1583 1 631 -1 0 
633 632 1 -1 632 0 
633 1585 0 632 633 0 
1585 1584 1 632 -1 0 
634 633 1 -1 633 0 
634 1586 0 633 634 0 
1586 1585 1 633 -1 0 
635 634 1 -1 634 0 
635 1587 0 634 635 0 
1587 1586 1 634 -1 0 
636 635 1 -1 635 0 
636 1588 0 635 636 0 
1588 1587 1 635 -1 0 
637 636 1 -1 636 0 
637 1589 0 636 637 0 
1589 1588 1 636 -1 0 
638 637 1 -1 637 0 
638 1590 0 637 638 0 
1590 1589 1 637 -1 0 
639 638 1 -1 638 0 
639 1591 0 638 639 0 
1591 1590 1 638 -1 0 
640 639 1 -1 639 0 
640 1592 0 639 640 0 
1592 1591 1 639 -1 0 
641 640 1 -1 640 0 
641 1593 0 640 641 0 
1593 1592 1 640 -1 0 
642 641 1 -1 641 0 
642 1594 0 641 642 0 
1594 1593 1 641 -1 0 
643 642 1 -1 642 0 
643 1595 0 642 643 0 
1595 1594 1 642 -1 0 
644 643 1 -1 643 0 
644 1596 0 643 644 0 
1596 1595 1 643 -1 0 
645 644 1 -1 644 0 
645 1597 0 644 645 0 
1597 1596 1 644 -1 0 
646 645 1 -1 645 0 
646 1598 0 645 646 0 
1598 1597 1 645 -1 0 
647 646 1 -1 646 0 
647 1599 0 646 647 0 
1599 1598 1 646 -1 0 
648 647 1 -1 647 0 
648 1600 0 647 648 0 
1600 1599 1 647 -1 0 
649 648 1 -1 648 0 
649 1601 0 648 649 0 
1601 1600 1 648 -1 0 
650 649 1 -1 649 0 
650 1602 0 649 650 0 
1602 1601 1 649 -1 0 
651 650 1 -1 650 0 
651 1603 0 650 651 0 
1603 1602 1 650 -1 0 
652 651 1 -1 651 0 
652 1604 0 651 652 0 
1604 1603 1 651 -1 0 
653 652 1 -1 652 0 
653 1605 0 652 653 0 
1605 1604 1 652 -1 0 
654 653 1 -1 653 0 
654 1606 0 653 654 0 
1606 1605 1 653 -1 0 
655 654 1 -1 654 0 
655 1607 0 654 655 0 
1607 1606 1 654 -1 0 
656 655 1 -1 655 0 
656 1608 0 655 656 0 
1608 1607 1 655 -1 0 
657 656 1 -1 656 0 
657 1609 0 656 657 0 
1609 1608 1 656 -1 0 
658 657 1 -1 657 0 
658 1610 0 657 658 0 
1610 1609 1 657 -1 0 
659 658 1 -1 658 0 
659 1611 0 658 659 0 
1611 1610 1 658 -1 0 
660 659 1 -1 659 0 
660 1612 0 659 660 0 
1612 1611 1 659 -1 0 
661 660 1 -1 660 0 
661 1613 0 660 661 0 
1613 1612 1 660 -1 0 
662 661 1 -1 661 0 
662 1614 0 661 662 0 
1614 1613 1 661 -1 0 
663 662 1 -1 662 0 
663 1615 0 662 663 0 
1615 1614 1 662 -1 0 
664 663 1 -1 663 0 
664 1616 0 663 664 0 
1616 1615 1 663 -1 0 
665 664 1 -1 664 0 
665 1617 0 664 665 0 
1617 1616 1 664 -1 0 
666 665 1 -1 665 0 
666 1618 0 665 666 0 
1618 1617 1 665 -1 0 
667 666 1 -1 666 0 
667 1619 0 666 667 0 
1619 1618 1 666 -1 0 
668 667 1 -1 667 0 
668 1620 0 667 668 0 
1620 1619 1 667 -1 0 
669 668 1 -1 668 0 
669 1621 0 668 669 0 
1621 1620 1 668 -1 0 
670 669 1 -1 669 0 
670 1622 0 669 670 0 
1622 1621 1 669 -1 0 
671 670 1 -1 670 0 
671 1623 0 670 671 0 
1623 1622 1 670 -1 0 
672 671 1 -1 671 0 
672 1624 0 671 672 0 
1624 1623 1 671 -1 0 
673 672 1 -1 672 0 
673 1625 0 672 673 0 
1625 1624 1 672 -1 0 
674 673 1 -1 673 0 
674 1626 0 673 674 0 
1626 1625 1 673 -1 0 
675 674 1 -1 674 0 
675 1627 0 674 675 0 
1627 1626 1 674 -1 0 
676 675 1 -1 675 0 
676 1628 0 675 676 0 
1628 1627 1 675 -1 0 
677 676 1 -1 676 0 
677 1629 0 676 677 0 
1629 1628 1 676 -1 0 
678 677 1 -1 677 0 
678 1630 0 677 678 0 
1630 1629 1 677 -1 0 
679 678 1 -1 678 0 
679 1631 0 678 679 0 
1631 1630 1 678 -1 0 
680 679 1 -1 679 0 
680 1632 0 679 680 0 
1632 1631 1 679 -1 0 
681 680 1 -1 680 0 
681 1633 0 680 681 0 
1633 1632 1 680 -1 0 
682 681 1 -1 681 0 
682 1634 0 681 682 0 
1634 1633 1 681 -1 0 
683 682 1 -1 682 0 
683 1635 0 682 683 0 
1635 1634 1 682 -1 0 
684 683 1 -1 683 0 
684 1636 0 683 684 0 
1636 1635 1 683 -1 0 
685 684 1 -1 684 0 
685 1637 0 684 685 0 
1637 1636 1 684 -1 0 
686 685 1 -1 685 0 
686 1638 0 685 686 0 
1638 1637 1 685 -1 0 
687 686 1 -1 686 0 
687 1639 0 686 687 0 
1639 1638 1 686 -1 0 
688 687 1 -1 687 0 
688 1640 0 687 688 0 
1640 1639 1 687 -1 0 
689 688 1 -1 688 0 
689 1641 0 688 689 0 
1641 1640 1 688 -1 0 
690 689 1 -1 689 0 
690 1642 0 689 690 0 
1642 1641 1 689 -1 0 
691 690 1 -1 690 0 
691 1643 0 690 691 0 
1643 1642 1 690 -1 0 
692 691 1 -1 691 0 
692 1644 0 691 692 0 
1644 1643 1 691 -1 0 
693 692 1 -1 692 0 
693 1645 0 692 693 0 
1645 1644 1 692 -1 0 
694 693 1 -1 693 0 
694 1646 0 693 694 0 
1646 1645 1 693 -1 0 
695 694 1 -1 694 0 
695 1647 0 694 695 0 
1647 1646 1 694 -1 0 
696 695 1 -1 695 0 
696 1648 0 695 696 0 
1648 1647 1 695 -1 0 
697 696 1 -1 696 0 
697 1649 0 696 697 0 
1649 1648 1 696 -1 0 
698 697 1 -1 697 0 
698 1650 0 697 698 0 
1650 1649 1 697 -1 0 
699 698 1 -1 698 0 
699 1651 0 698 699 0 
1651 1650 1 698 -1 0 
700 699 1 -1 699 0 
700 1652 0 699 700 0 
1652 1651 1 699 -1 0 
701 700 1 -1 700 0 
701 1653 0 700 701 0 
1653 1652 1 700 -1 0 
702 701 1 -1 701 0 
702 1654 0 701 702 0 
1654 1653 1 701 -1 0 
703 702 1 -1 702 0 
703 1655 0 702 703 0 
1655 1654 1 702 -1 0 
704 703 1 -1 703 0 
704 1656 0 703 704 0 
1656 1655 1 703 -1 0 
705 704 1 -1 704 0 
705 1657 0 704 705 0 
1657 1656 1 704 -1 0 
706 705 1 -1 705 0 
706 1658 0 705 706 0 
1658 1657 1 705 -1 0 
707 706 1 -1 706 0 
707 1659 0 706 707 0 
1659 1658 1 706 -1 0 
708 707 1 -1 707 0 
708 1660 0 707 708 0 
1660 1659 1 707 -1 0 
709 708 1 -1 708 0 
709 1661 0 708 709 0 
1661 1660 1 708 -1 0 
710 709 1 -1 709 0 
710 1662 0 709 710 0 
1662 1661 1 709 -1 0 
711 710 1 -1 710 0 
711 1663 0 710 711 0 
1663 1662 1 710 -1 0 
712 711 1 -1 711 0 
712 1664 0 711 712 0 
1664 1663 1 711 -1 0 
713 712 1 -1 712 0 
713 1665 0 712 713 0 
1665 1664 1 712 -1 0 
714 713 1 -1 713 0 
714 1666 0 713 714 0 
1666 1665 1 713 -1 0 
715 714 1 -1 714 0 
715 1667 0 714 715 0 
1667 1666 1 714 -1 0 
716 715 1 -1 715 0 
716 1668 0 715 716 0 
1668 1667 1 715 -1 0 
717 716 1 -1 716 0 
717 1669 0 716 717 0 
1669 1668 1 716 -1 0 
718 717 1 -1 717 0 
718 1670 0 717 718 0 
1670 1669 1 717 -1 0 
719 718 1 -1 718 0 
719 1671 0 718 719 0 
1671 1670 1 718 -1 0 
720 719 1 -1 719 0 
720 1672 0 719 720 0 
1672 1671 1 719 -1 0 
721 720 1 -1 720 0 
721 1673 0 720 721 0 
1673 1672 1 720 -1 0 
722 721 1 -1 721 0 
722 1674 0 721 722 0 
1674 1673 1 721 -1 0 
723 722 1 -1 722 0 
723 1675 0 722 723 0 
1675 1674 1 722 -1 0 
724 723 1 -1 723 0 
724 1676 0 723 724 0 
1676 1675 1 723 -1 0 
725 724 1 -1 724 0 
725 1677 0 724 725 0 
1677 1676 1 724 -1 0 
726 725 1 -1 725 0 
726 1678 0 725 726 0 
1678 1677 1 725 -1 0 
727 726 1 -1 726 0 
727 1679 0 726 727 0 
1679 1678 1 726 -1 0 
728 727 1 -1 727 0 
728 1680 0 727 728 0 
1680 1679 1 727 -1 0 
729 728 1 -1 728 0 
729 1681 0 728 729 0 
1681 1680 1 728 -1 0 
730 729 1 -1 729 0 
730 1682 0 729 730 0 
1682 1681 1 729 -1 0 
731 730 1 -1 730 0 
731 1683 0 730 731 0 
1683 1682 1 730 -1 0 
732 731 1 -1 731 0 
732 1684 0 731 732 0 
1684 1683 1 731 -1 0 
733 732 1 -1 732 0 
733 1685 0 732 733 0 
1685 1684 1 732 -1 0 
734 733 1 -1 733 0 
734 1686 0 733 734 0 
1686 1685 1 733 -1 0 
735 734 1 -1 734 0 
735 1687 0 734 735 0 
1687 1686 1 734 -1 0 
736 735 1 -1 735 0 
736 1688 0 735 736 0 
1688 1687 1 735 -1 0 
737 736 1 -1 736 0 
737 1689 0 736 737 0 
1689 1688 1 736 -1 0 
738 737 1 -1 737 0 
738 1690 0 737 738 0 
1690 1689 1 737 -1 0 
739 738 1 -1 738 0 
739 1691 0 738 739 0 
1691 1690 1 738 -1 0 
740 739 1 -1 739 0 
740 1692 0 739 740 0 
1692 1691 1 739 -1 0 
741 740 1 -1 740 0 
741 1693 0 740 741 0 
1693 1692 1 740 -1 0 
742 741 1 -1 741 0 
742 1694 0 741 742 0 
1694 1693 1 741 -1 0 
743 742 1 -1 742 0 
743 1695 0 742 743 0 
1695 1694 1 742 -1 0 
744 743 1 -1 743 0 
744 1696 0 743 744 0 
1696 1695 1 743 -1 0 
745 744 1 -1 744 0 
745 1697 0 744 745 0 
1697 1696 1 744 -1 0 
746 745 1 -1 745 0 
746 1698 0 745 746 0 
1698 1697 1 745 -1 0 
747 746 1 -1 746 0 
747 1699 0 746 747 0 
1699 1698 1 746 -1 0 
748 747 1 -1 747 0 
748 1700 0 747 748 0 
1700 1699 1 747 -1 0 
749 748 1 -1 748 0 
749 1701 0 748 749 0 
1701 1700 1 748 -1 0 
750 749 1 -1 749 0 
750 1702 0 749 750 0 
1702 1701 1 749 -1 0 
751 750 1 -1 750 0 
751 1703 0 750 751 0 
1703 1702 1 750 -1 0 
752 751 1 -1 751 0 
752 1704 0 751 752 0 
1704 1703 1 751 -1 0 
753 752 1 -1 752 0 
753 1705 0 752 753 0 
1705 1704 1 752 -1 0 
754 753 1 -1 753 0 
754 1706 0 753 754 0 
1706 1705 1 753 -1 0 
755 754 1 -1 754 0 
755 1707 0 754 755 0 
1707 1706 1 754 -1 0 
756 755 1 -1 755 0 
756 1708 0 755 756 0 
1708 1707 1 755 -1 0 
757 756 1 -1 756 0 
757 1709 0 756 757 0 
1709 1708 1 756 -1 0 
758 757 1 -1 757 0 
758 1710 0 757 758 0 
1710 1709 1 757 -1 0 
759 758 1 -1 758 0 
759 1711 0 758 759 0 
1711 1710 1 758 -1 0 
760 759 1 -1 759 0 
760 1712 0 759 760 0 
1712 1711 1 759 -1 0 
761 760 1 -1 760 0 
761 1713 0 760 761 0 
1713 1712 1 760 -1 0 
762 761 1 -1 761 0 
762 1714 0 761 762 0 
1714 1713 1 761 -1 0 
763 762 1 -1 762 0 
763 1715 0 762 763 0 
1715 1714 1 762 -1 0 
764 763 1 -1 763 0 
764 1716 0 763 764 0 
1716 1715 1 763 -1 0 
765 764 1 -1 764 0 
765 1717 0 764 765 0 
1717 1716 1 764 -1 0 
766 765 1 -1 765 0 
766 1718 0 765 766 0 
1718 1717 1 765 -1 0 
767 766 1 -1 766 0 
767 1719 0 766 767 0 
1719 1718 1 766 -1 0 
768 767 1 -1 767 0 
768 1720 0 767 768 0 
1720 1719 1 767 -1 0 
769 768 1 -1 768 0 
769 1721 0 768 769 0 
1721 1720 1 768 -1 0 
770 769 1 -1 769 0 
770 1722 0 769 770 0 
1722 1721 1 769 -1 0 
771 770 1 -1 770 0 
771 1723 0 770 771 0 
1723 1722 1 770 -1 0 
772 771 1 -1 771 0 
772 1724 0 771 772 0 
1724 1723 1 771 -1 0 
773 772 1 -1 772 0 
773 1725 0 772 773 0 
1725 1724 1 772 -1 0 
774 773 1 -1 773 0 
774 1726 0 773 774 0 
1726 1725 1 773 -1 0 
775 774 1 -1 774 0 
775 1727 0 774 775 0 
1727 1726 1 774 -1 0 
776 775 1 -1 775 0 
776 1728 0 775 776 0 
1728 1727 1 775 -1 0 
777 776 1 -1 776 0 
777 1729 0 776 777 0 
1729 1728 1 776 -1 0 
778 777 1 -1 777 0 
778 1730 0 777 778 0 
1730 1729 1 777 -1 0 
779 778 1 -1 778 0 
779 1731 0 778 779 0 
1731 1730 1 778 -1 0 
780 779 1 -1 779 0 
780 1732 0 779 780 0 
1732 1731 1 779 -1 0 
781 780 1 -1 780 0 
781 1733 0 780 781 0 
1733 1732 1 780 -1 0 
782 781 1 -1 781 0 
782 1734 0 781 782 0 
1734 1733 1 781 -1 0 
783 782 1 -1 782 0 
783 1735 0 782 783 0 
1735 1734 1 782 -1 0 
784 783 1 -1 783 0 
784 1736 0 783 784 0 
1736 1735 1 783 -1 0 
785 784 1 -1 784 0 
785 1737 0 784 785 0 
1737 1736 1 784 -1 0 
786 785 1 -1 785 0 
786 1738 0 785 786 0 
1738 1737 1 785 -1 0 
787 786 1 -1 786 0 
787 1739 0 786 787 0 
1739 1738 1 786 -1 0 
788 787 1 -1 787 0 
788 1740 0 787 788 0 
1740 1739 1 787 -1 0 
789 788 1 -1 788 0 
789 1741 0 788 789 0 
1741 1740 1 788 -1 0 
790 789 1 -1 789 0 
790 1742 0 789 790 0 
1742 1741 1 789 -1 0 
791 790 1 -1 790 0 
791 1743 0 790 791 0 
1743 1742 1 790 -1 0 
792 791 1 -1 791 0 
792 1744 0 791 792 0 
1744 1743 1 791 -1 0 
793 792 1 -1 792 0 
793 1745 0 792 793 0 
1745 1744 1 792 -1 0 
794 793 1 -1 793 0 
794 1746 0 793 794 0 
1746 1745 1 793 -1 0 
795 794 1 -1 794 0 
795 1747 0 794 795 0 
1747 1746 1 794 -1 0 
796 795 1 -1 795 0 
796 1748 0 795 796 0 
1748 1747 1 795 -1 0 
797 796 1 -1 796 0 
797 1749 0 796 797 0 
1749 1748 1 796 -1 0 
798 797 1 -1 797 0 
798 1750 0 797 798 0 
1750 1749 1 797 -1 0 
799 798 1 -1 798 0 
799 1751 0 798 799 0 
1751 1750 1 798 -1 0 
800 799 1 -1 799 0 
800 1752 0 799 800 0 
1752 1751 1 799 -1 0 
801 800 1 -1 800 0 
801 1753 0 800 801 0 
1753 1752 1 800 -1 0 
802 801 1 -1 801 0 
802 1754 0 801 802 0 
1754 1753 1 801 -1 0 
803 802 1 -1 802 0 
803 1755 0 802 803 0 
1755 1754 1 802 -1 0 
804 803 1 -1 803 0 
804 1756 0 803 804 0 
1756 1755 1 803 -1 0 
805 804 1 -1 804 0 
805 1757 0 804 805 0 
1757 1756 1 804 -1 0 
806 805 1 -1 805 0 
806 1758 0 805 806 0 
1758 1757 1 805 -1 0 
807 806 1 -1 806 0 
807 1759 0 806 807 0 
1759 1758 1 806 -1 0 
808 807 1 -1 807 0 
808 1760 0 807 808 0 
1760 1759 1 807 -1 0 
809 808 1 -1 808 0 
809 1761 0 808 809 0 
1761 1760 1 808 -1 0 
810 809 1 -1 809 0 
810 1762 0 809 810 0 
1762 1761 1 809 -1 0 
811 810 1 -1 810 0 
811 1763 0 810 811 0 
1763 1762 1 810 -1 0 
812 811 1 -1 811 0 
812 1764 0 811 812 0 
1764 1763 1 811 -1 0 
813 812 1 -1 812 0 
813 1765 0 812 813 0 
1765 1764 1 812 -1 0 
814 813 1 -1 813 0 
814 1766 0 813 814 0 
1766 1765 1 813 -1 0 
815 814 1 -1 814 0 
815 1767 0 814 815 0 
1767 1766 1 814 -1 0 
816 815 1 -1 815 0 
816 1768 0 815 816 0 
1768 1767 1 815 -1 0 
817 816 1 -1 816 0 
817 1769 0 816 817 0 
1769 1768 1 816 -1 0 
818 817 1 -1 817 0 
818 1770 0 817 818 0 
1770 1769 1 817 -1 0 
819 818 1 -1 818 0 
819 1771 0 818 819 0 
1771 1770 1 818 -1 0 
820 819 1 -1 819 0 
820 1772 0 819 820 0 
1772 1771 1 819 -1 0 
821 820 1 -1 820 0 
821 1773 0 820 821 0 
1773 1772 1 820 -1 0 
822 821 1 -1 821 0 
822 1774 0 821 822 0 
1774 1773 1 821 -1 0 
823 822 1 -1 822 0 
823 1775 0 822 823 0 
1775 1774 1 822 -1 0 
824 823 1 -1 823 0 
824 1776 0 823 824 0 
1776 1775 1 823 -1 0 
825 824 1 -1 824 0 
825 1777 0 824 825 0 
1777 1776 1 824 -1 0 
826 825 1 -1 825 0 
826 1778 0 825 826 0 
1778 1777 1 825 -1 0 
827 826 1 -1 826 0 
827 1779 0 826 827 0 
1779 1778 1 826 -1 0 
828 827 1 -1 827 0 
828 1780 0 827 828 0 
1780 1779 1 827 -1 0 
829 828 1 -1 828 0 
829 1781 0 828 829 0 
1781 1780 1 828 -1 0 
830 829 1 -1 829 0 
830 1782 0 829 830 0 
1782 1781 1 829 -1 0 
831 830 1 -1 830 0 
831 1783 0 830 831 0 
1783 1782 1 830 -1 0 
832 831 1 -1 831 0 
832 1784 0 831 832 0 
1784 1783 1 831 -1 0 
833 832 1 -1 832 0 
833 1785 0 832 833 0 
1785 1784 1 832 -1 0 
834 833 1 -1 833 0 
834 1786 0 833 834 0 
1786 1785 1 833 -1 0 
835 834 1 -1 834 0 
835 1787 0 834 835 0 
1787 1786 1 834 -1 0 
836 835 1 -1 835 0 
836 1788 0 835 836 0 
1788 1787 1 835 -1 0 
837 836 1 -1 836 0 
837 1789 0 836 837 0 
1789 1788 1 836 -1 0 
838 837 1 -1 837 0 
838 1790 0 837 838 0 
1790 1789 1 837 -1 0 
839 838 1 -1 838 0 
839 1791 0 838 839 0 
1791 1790 1 838 -1 0 
840 839 1 -1 839 0 
840 1792 0 839 840 0 
1792 1791 1 839 -1 0 
841 840 1 -1 840 0 
841 1793 0 840 841 0 
1793 1792 1 840 -1 0 
842 841 1 -1 841 0 
842 1794 0 841 842 0 
1794 1793 1 841 -1 0 
843 842 1 -1 842 0 
843 1795 0 842 843 0 
1795 1794 1 842 -1 0 
844 843 1 -1 843 0 
844 1796 0 843 844 0 
1796 1795 1 843 -1 0 
845 844 1 -1 844 0 
845 1797 0 844 845 0 
1797 1796 1 844 -1 0 
846 845 1 -1 845 0 
846 1798 0 845 846 0 
1798 1797 1 845 -1 0 
847 846 1 -1 846 0 
847 1799 0 846 847 0 
1799 1798 1 846 -1 0 
848 847 1 -1 847 0 
848 1800 0 847 848 0 
1800 1799 1 847 -1 0 
849 848 1 -1 848 0 
849 1801 0 848 849 0 
1801 1800 1 848 -1 0 
850 849 1 -1 849 0 
850 1802 0 849 850 0 
1802 1801 1 849 -1 0 
851 850 1 -1 850 0 
851 1803 0 850 851 0 
1803 1802 1 850 -1 0 
852 851 1 -1 851 0 
852 1804 0 851 852 0 
1804 1803 1 851 -1 0 
853 852 1 -1 852 0 
853 1805 0 852 853 0 
1805 1804 1 852 -1 0 
854 853 1 -1 853 0 
854 1806 0 853 854 0 
1806 1805 1 853 -1 0 
855 854 1 -1 854 0 
855 1807 0 854 855 0 
1807 1806 1 854 -1 0 
856 855 1 -1 855 0 
856 1808 0 855 856 0 
1808 1807 1 855 -1 0 
857 856 1 -1 856 0 
857 1809 0 856 857 0 
1809 1808 1 856 -1 0 
858 857 1 -1 857 0 
858 1810 0 857 858 0 
1810 1809 1 857 -1 0 
859 858 1 -1 858 0 
859 1811 0 858 859 0 
1811 1810 1 858 -1 0 
860 859 1 -1 859 0 
860 1812 0 859 860 0 
1812 1811 1 859 -1 0 
861 860 1 -1 860 0 
861 1813 0 860 861 0 
1813 1812 1 860 -1 0 
862 861 1 -1 861 0 
862 1814 0 861 862 0 
1814 1813 1 861 -1 0 
863 862 1 -1 862 0 
863 1815 0 862 863 0 
1815 1814 1 862 -1 0 
864 863 1 -1 863 0 
864 1816 0 863 864 0 
1816 1815 1 863 -1 0 
865 864 1 -1 864 0 
865 1817 0 864 865 0 
1817 1816 1 864 -1 0 
866 865 1 -1 865 0 
866 1818 0 865 866 0 
1818 1817 1 865 -1 0 
867 866 1 -1 866 0 
867 1819 0 866 867 0 
1819 1818 1 866 -1 0 
868 867 1 -1 867 0 
868 1820 0 867 868 0 
1820 1819 1 867 -1 0 
869 868 1 -1 868 0 
869 1821 0 868 869 0 
1821 1820 1 868 -1 0 
870 869 1 -1 869 0 
870 1822 0 869 870 0 
1822 1821 1 869 -1 0 
871 870 1 -1 870 0 
871 1823 0 870 871 0 
1823 1822 1 870 -1 0 
872 871 1 -1 871 0 
872 1824 0 871 872 0 
1824 1823 1 871 -1 0 
873 872 1 -1 872 0 
873 1825 0 872 873 0 
1825 1824 1 872 -1 0 
874 873 1 -1 873 0 
874 1826 0 873 874 0 
1826 1825 1 873 -1 0 
875 874 1 -1 874 0 
875 1827 0 874 875 0 
1827 1826 1 874 -1 0 
876 875 1 -1 875 0 
876 1828 0 875 876 0 
1828 1827 1 875 -1 0 
877 876 1 -1 876 0 
877 1829 0 876 877 0 
1829 1828 1 876 -1 0 
878 877 1 -1 877 0 
878 1830 0 877 878 0 
1830 1829 1 877 -1 0 
879 878 1 -1 878 0 
879 1831 0 878 879 0 
1831 1830 1 878 -1 0 
880 879 1 -1 879 0 
880 1832 0 879 880 0 
1832 1831 1 879 -1 0 
881 880 1 -1 880 0 
881 1833 0 880 881 0 
1833 1832 1 880 -1 0 
882 881 1 -1 881 0 
882 1834 0 881 882 0 
1834 1833 1 881 -1 0 
883 882 1 -1 882 0 
883 1835 0 882 883 0 
1835 1834 1 882 -1 0 
884 883 1 -1 883 0 
884 1836 0 883 884 0 
1836 1835 1 883 -1 0 
885 884 1 -1 884 0 
885 1837 0 884 885 0 
1837 1836 1 884 -1 0 
886 885 1 -1 885 0 
886 1838 0 885 886 0 
1838 1837 1 885 -1 0 
887 886 1 -1 886 0 
887 1839 0 886 887 0 
1839 1838 1 886 -1 0 
888 887 1 -1 887 0 
888 1840 0 887 888 0 
1840 1839 1 887 -1 0 
889 888 1 -1 888 0 
889 1841 0 888 889 0 
1841 1840 1 888 -1 0 
890 889 1 -1 889 0 
890 1842 0 889 890 0 
1842 1841 1 889 -1 0 
891 890 1 -1 890 0 
891 1843 0 890 891 0 
1843 1842 1 890 -1 0 
892 891 1 -1 891 0 
892 1844 0 891 892 0 
1844 1843 1 891 -1 0 
893 892 1 -1 892 0 
893 1845 0 892 893 0 
1845 1844 1 892 -1 0 
894 893 1 -1 893 0 
894 1846 0 893 894 0 
1846 1845 1 893 -1 0 
895 894 1 -1 894 0 
895 1847 0 894 895 0 
1847 1846 1 894 -1 0 
896 895 1 -1 895 0 
896 1848 0 895 896 0 
1848 1847 1 895 -1 0 
897 896 1 -1 896 0 
897 1849 0 896 897 0 
1849 1848 1 896 -1 0 
898 897 1 -1 897 0 
898 1850 0 897 898 0 
1850 1849 1 897 -1 0 
899 898 1 -1 898 0 
899 1851 0 898 899 0 
1851 1850 1 898 -1 0 
900 899 1 -1 899 0 
900 1852 0 899 900 0 
1852 1851 1 899 -1 0 
901 900 1 -1 900 0 
901 1853 0 900 901 0 
1853 1852 1 900 -1 0 
902 901 1 -1 901 0 
902 1854 0 901 902 0 
1854 1853 1 901 -1 0 
903 902 1 -1 902 0 
903 1855 0 902 903 0 
1855 1854 1 902 -1 0 
904 903 1 -1 903 0 
904 1856 0 903 904 0 
1856 1855 1 903 -1 0 
905 904 1 -1 904 0 
905 1857 0 904 905 0 
1857 1856 1 904 -1 0 
906 905 1 -1 905 0 
906 1858 0 905 906 0 
1858 1857 1 905 -1 0 
907 906 1 -1 906 0 
907 1859 0 906 907 0 
1859 1858 1 906 -1 0 
908 907 1 -1 907 0 
908 1860 0 907 908 0 
1860 1859 1 907 -1 0 
909 908 1 -1 908 0 
909 1861 0 908 909 0 
1861 1860 1 908 -1 0 
910 909 1 -1 909 0 
910 1862 0 909 910 0 
1862 1861 1 909 -1 0 
911 910 1 -1 910 0 
911 1863 0 910 911 0 
1863 1862 1 910 -1 0 
912 911 1 -1 911 0 
912 1864 0 911 912 0 
1864 1863 1 911 -1 0 
913 912 1 -1 912 0 
913 1865 0 912 913 0 
1865 1864 1 912 -1 0 
914 913 1 -1 913 0 
914 1866 0 913 914 0 
1866 1865 1 913 -1 0 
915 914 1 -1 914 0 
915 1867 0 914 915 0 
1867 1866 1 914 -1 0 
916 915 1 -1 915 0 
916 1868 0 915 916 0 
1868 1867 1 915 -1 0 
917 916 1 -1 916 0 
917 1869 0 916 917 0 
1869 1868 1 916 -1 0 
918 917 1 -1 917 0 
918 1870 0 917 918 0 
1870 1869 1 917 -1 0 
919 918 1 -1 918 0 
919 1871 0 918 919 0 
1871 1870 1 918 -1 0 
920 919 1 -1 919 0 
920 1872 0 919 920 0 
1872 1871 1 919 -1 0 
921 920 1 -1 920 0 
921 1873 0 920 921 0 
1873 1872 1 920 -1 0 
922 921 1 -1 921 0 
922 1874 0 921 922 0 
1874 1873 1 921 -1 0 
923 922 1 -1 922 0 
923 1875 0 922 923 0 
1875 1874 1 922 -1 0 
924 923 1 -1 923 0 
924 1876 0 923 924 0 
1876 1875 1 923 -1 0 
925 924 1 -1 924 0 
925 1877 0 924 925 0 
1877 1876 1 924 -1 0 
926 925 1 -1 925 0 
926 1878 0 925 926 0 
1878 1877 1 925 -1 0 
927 926 1 -1 926 0 
927 1879 0 926 927 0 
1879 1878 1 926 -1 0 
928 927 1 -1 927 0 
928 1880 0 927 928 0 
1880 1879 1 927 -1 0 
929 928 1 -1 928 0 
929 1881 0 928 929 0 
1881 1880 1 928 -1 0 
930 929 1 -1 929 0 
930 1882 0 929 930 0 
1882 1881 1 929 -1 0 
931 930 1 -1 930 0 
931 1883 0 930 931 0 
1883 1882 1 930 -1 0 
932 931 1 -1 931 0 
932 1884 0 931 932 0 
1884 1883 1 931 -1 0 
933 932 1 -1 932 0 
933 1885 0 932 933 0 
1885 1884 1 932 -1 0 
934 933 1 -1 933 0 
934 1886 0 933 934 0 
1886 1885 1 933 -1 0 
935 934 1 -1 934 0 
935 1887 0 934 935 0 
1887 1886 1 934 -1 0 
936 935 1 -1 935 0 
936 1888 0 935 936 0 
1888 1887 1 935 -1 0 
937 936 1 -1 936 0 
937 1889 0 936 937 0 
1889 1888 1 936 -1 0 
938 937 1 -1 937 0 
938 1890 0 937 938 0 
1890 1889 1 937 -1 0 
939 938 1 -1 938 0 
939 1891 0 938 939 0 
1891 1890 1 938 -1 0 
940 939 1 -1 939 0 
940 1892 0 939 940 0 
1892 1891 1 939 -1 0 
941 940 1 -1 940 0 
941 1893 0 940 941 0 
1893 1892 1 940 -1 0 
942 941 1 -1 941 0 
942 1894 0 941 942 0 
1894 1893 1 941 -1 0 
943 942 1 -1 942 0 
943 1895 0 942 943 0 
1895 1894 1 942 -1 0 
944 943 1 -1 943 0 
944 1896 0 943 944 0 
1896 1895 1 943 -1 0 
945 944 1 -1 944 0 
945 1897 0 944 945 0 
1897 1896 1 944 -1 0 
946 945 1 -1 945 0 
946 1898 0 945 946 0 
1898 1897 1 945 -1 0 
947 946 1 -1 946 0 
947 1899 0 946 947 0 
1899 1898 1 946 -1 0 
948 947 1 -1 947 0 
948 1900 0 947 948 0 
1900 1899 1 947 -1 0 
949 948 1 -1 948 0 
949 1901 0 948 949 0 
1901 1900 1 948 -1 0 
950 949 1 -1 949 0 
950 1902 0 949 950 0 
1902 1901 1 949 -1 0 
951 1903 2 950 -1 0 
951 950 1 -1 950 0 
1903 1902 1 950 -1 0 
