4 1.2500000000e+02 5.0000000000e+02 0 101 102 1 99 -1 1 -1
4 3.7500000000e+02 5.0000000000e+02 1 102 103 2 0 -1 2 -1
4 6.2500000000e+02 5.0000000000e+02 2 103 104 3 1 -1 3 -1
4 8.7500000000e+02 5.0000000000e+02 3 104 105 4 2 -1 4 -1
4 1.1250000000e+03 5.0000000000e+02 4 105 106 5 3 -1 5 -1
4 1.3750000000e+03 5.0000000000e+02 5 106 107 6 4 -1 6 -1
4 1.6250000000e+03 5.0000000000e+02 6 107 108 7 5 -1 7 -1
4 1.8750000000e+03 5.0000000000e+02 7 108 109 8 6 -1 8 -1
4 2.1250000000e+03 5.0000000000e+02 8 109 110 9 7 -1 9 -1
4 2.3750000000e+03 5.0000000000e+02 9 110 111 10 8 -1 10 -1
4 2.6250000000e+03 5.0000000000e+02 10 111 112 11 9 -1 11 -1
4 2.8750000000e+03 5.0000000000e+02 11 112 113 12 10 -1 12 -1
4 3.1250000000e+03 5.0000000000e+02 12 113 114 13 11 -1 13 -1
4 3.3750000000e+03 5.0000000000e+02 13 114 115 14 12 -1 14 -1
4 3.6250000000e+03 5.0000000000e+02 14 115 116 15 13 -1 15 -1
4 3.8750000000e+03 5.0000000000e+02 15 116 117 16 14 -1 16 -1
4 4.1250000000e+03 5.0000000000e+02 16 117 118 17 15 -1 17 -1
4 4.3750000000e+03 5.0000000000e+02 17 118 119 18 16 -1 18 -1
4 4.6250000000e+03 5.0000000000e+02 18 119 120 19 17 -1 19 -1
4 4.8750000000e+03 5.0000000000e+02 19 120 121 20 18 -1 20 -1
4 5.1250000000e+03 5.0000000000e+02 20 121 122 21 19 -1 21 -1
4 5.3750000000e+03 5.0000000000e+02 21 122 123 22 20 -1 22 -1
4 5.6250000000e+03 5.0000000000e+02 22 123 124 23 21 -1 23 -1
4 5.8750000000e+03 5.0000000000e+02 23 124 125 24 22 -1 24 -1
4 6.1250000000e+03 5.0000000000e+02 24 125 126 25 23 -1 25 -1
4 6.3750000000e+03 5.0000000000e+02 25 126 127 26 24 -1 26 -1
4 6.6250000000e+03 5.0000000000e+02 26 127 128 27 25 -1 27 -1
4 6.8750000000e+03 5.0000000000e+02 27 128 129 28 26 -1 28 -1
4 7.1250000000e+03 5.0000000000e+02 28 129 130 29 27 -1 29 -1
4 7.3750000000e+03 5.0000000000e+02 29 130 131 30 28 -1 30 -1
4 7.6250000000e+03 5.0000000000e+02 30 131 132 31 29 -1 31 -1
4 7.8750000000e+03 5.0000000000e+02 31 132 133 32 30 -1 32 -1
4 8.1250000000e+03 5.0000000000e+02 32 133 134 33 31 -1 33 -1
4 8.3750000000e+03 5.0000000000e+02 33 134 135 34 32 -1 34 -1
4 8.6250000000e+03 5.0000000000e+02 34 135 136 35 33 -1 35 -1
4 8.8750000000e+03 5.0000000000e+02 35 136 137 36 34 -1 36 -1
4 9.1250000000e+03 5.0000000000e+02 36 137 138 37 35 -1 37 -1
4 9.3750000000e+03 5.0000000000e+02 37 138 139 38 36 -1 38 -1
4 9.6250000000e+03 5.0000000000e+02 38 139 140 39 37 -1 39 -1
4 9.8750000000e+03 5.0000000000e+02 39 140 141 40 38 -1 40 -1
4 1.0125000000e+04 5.0000000000e+02 40 141 142 41 39 -1 41 -1
4 1.0375000000e+04 5.0000000000e+02 41 142 143 42 40 -1 42 -1
4 1.0625000000e+04 5.0000000000e+02 42 143 144 43 41 -1 43 -1
4 1.0875000000e+04 5.0000000000e+02 43 144 145 44 42 -1 44 -1
4 1.1125000000e+04 5.0000000000e+02 44 145 146 45 43 -1 45 -1
4 1.1375000000e+04 5.0000000000e+02 45 146 147 46 44 -1 46 -1
4 1.1625000000e+04 5.0000000000e+02 46 147 148 47 45 -1 47 -1
4 1.1875000000e+04 5.0000000000e+02 47 148 149 48 46 -1 48 -1
4 1.2125000000e+04 5.0000000000e+02 48 149 150 49 47 -1 49 -1
4 1.2375000000e+04 5.0000000000e+02 49 150 151 50 48 -1 50 -1
4 1.2625000000e+04 5.0000000000e+02 50 151 152 51 49 -1 51 -1
4 1.2875000000e+04 5.0000000000e+02 51 152 153 52 50 -1 52 -1
4 1.3125000000e+04 5.0000000000e+02 52 153 154 53 51 -1 53 -1
4 1.3375000000e+04 5.0000000000e+02 53 154 155 54 52 -1 54 -1
4 1.3625000000e+04 5.0000000000e+02 54 155 156 55 53 -1 55 -1
4 1.3875000000e+04 5.0000000000e+02 55 156 157 56 54 -1 56 -1
4 1.4125000000e+04 5.0000000000e+02 56 157 158 57 55 -1 57 -1
4 1.4375000000e+04 5.0000000000e+02 57 158 159 58 56 -1 58 -1
4 1.4625000000e+04 5.0000000000e+02 58 159 160 59 57 -1 59 -1
4 1.4875000000e+04 5.0000000000e+02 59 160 161 60 58 -1 60 -1
4 1.5125000000e+04 5.0000000000e+02 60 161 162 61 59 -1 61 -1
4 1.5375000000e+04 5.0000000000e+02 61 162 163 62 60 -1 62 -1
4 1.5625000000e+04 5.0000000000e+02 62 163 164 63 61 -1 63 -1
4 1.5875000000e+04 5.0000000000e+02 63 164 165 64 62 -1 64 -1
4 1.6125000000e+04 5.0000000000e+02 64 165 166 65 63 -1 65 -1
4 1.6375000000e+04 5.0000000000e+02 65 166 167 66 64 -1 66 -1
4 1.6625000000e+04 5.0000000000e+02 66 167 168 67 65 -1 67 -1
4 1.6875000000e+04 5.0000000000e+02 67 168 169 68 66 -1 68 -1
4 1.7125000000e+04 5.0000000000e+02 68 169 170 69 67 -1 69 -1
4 1.7375000000e+04 5.0000000000e+02 69 170 171 70 68 -1 70 -1
4 1.7625000000e+04 5.0000000000e+02 70 171 172 71 69 -1 71 -1
4 1.7875000000e+04 5.0000000000e+02 71 172 173 72 70 -1 72 -1
4 1.8125000000e+04 5.0000000000e+02 72 173 174 73 71 -1 73 -1
4 1.8375000000e+04 5.0000000000e+02 73 174 175 74 72 -1 74 -1
4 1.8625000000e+04 5.0000000000e+02 74 175 176 75 73 -1 75 -1
4 1.8875000000e+04 5.0000000000e+02 75 176 177 76 74 -1 76 -1
4 1.9125000000e+04 5.0000000000e+02 76 177 178 77 75 -1 77 -1
4 1.9375000000e+04 5.0000000000e+02 77 178 179 78 76 -1 78 -1
4 1.9625000000e+04 5.0000000000e+02 78 179 180 79 77 -1 79 -1
4 1.9875000000e+04 5.0000000000e+02 79 180 181 80 78 -1 80 -1
4 2.0125000000e+04 5.0000000000e+02 80 181 182 81 79 -1 81 -1
4 2.0375000000e+04 5.0000000000e+02 81 182 183 82 80 -1 82 -1
4 2.0625000000e+04 5.0000000000e+02 82 183 184 83 81 -1 83 -1
4 2.0875000000e+04 5.0000000000e+02 83 184 185 84 82 -1 84 -1
4 2.1125000000e+04 5.0000000000e+02 84 185 186 85 83 -1 85 -1
4 2.1375000000e+04 5.0000000000e+02 85 186 187 86 84 -1 86 -1
4 2.1625000000e+04 5.0000000000e+02 86 187 188 87 85 -1 87 -1
4 2.1875000000e+04 5.0000000000e+02 87 188 189 88 86 -1 88 -1
4 2.2125000000e+04 5.0000000000e+02 88 189 190 89 87 -1 89 -1
4 2.2375000000e+04 5.0000000000e+02 89 190 191 90 88 -1 90 -1
4 2.2625000000e+04 5.0000000000e+02 90 191 192 91 89 -1 91 -1
4 2.2875000000e+04 5.0000000000e+02 91 192 193 92 90 -1 92 -1
4 2.3125000000e+04 5.0000000000e+02 92 193 194 93 91 -1 93 -1
4 2.3375000000e+04 5.0000000000e+02 93 194 195 94 92 -1 94 -1
4 2.3625000000e+04 5.0000000000e+02 94 195 196 95 93 -1 95 -1
4 2.3875000000e+04 5.0000000000e+02 95 196 197 96 94 -1 96 -1
4 2.4125000000e+04 5.0000000000e+02 96 197 198 97 95 -1 97 -1
4 2.4375000000e+04 5.0000000000e+02 97 198 199 98 96 -1 98 -1
4 2.4625000000e+04 5.0000000000e+02 98 199 200 99 97 -1 99 -1
4 2.4875000000e+04 5.0000000000e+02 99 200 201 100 98 -1 0 -1
