4	2.5	50	952	953	1	0	-1	1	-1	-1
4	7.55	50	953	954	2	1	-1	2	-1	0
4	12.7	50	954	955	3	2	-1	3	-1	1
4	17.95	50	955	956	4	3	-1	4	-1	2
4	23.3	50	956	957	5	4	-1	5	-1	3
4	28.75	50	957	958	6	5	-1	6	-1	4
4	34.3	50	958	959	7	6	-1	7	-1	5
4	39.95	50	959	960	8	7	-1	8	-1	6
4	45.7	50	960	961	9	8	-1	9	-1	7
4	51.55	50	961	962	10	9	-1	10	-1	8
4	57.5	50	962	963	11	10	-1	11	-1	9
4	63.55	50	963	964	12	11	-1	12	-1	10
4	69.7	50	964	965	13	12	-1	13	-1	11
4	75.95	50	965	966	14	13	-1	14	-1	12
4	82.3	50	966	967	15	14	-1	15	-1	13
4	88.75	50	967	968	16	15	-1	16	-1	14
4	95.3	50	968	969	17	16	-1	17	-1	15
4	101.95	50	969	970	18	17	-1	18	-1	16
4	108.7	50	970	971	19	18	-1	19	-1	17
4	115.55	50	971	972	20	19	-1	20	-1	18
4	122.5	50	972	973	21	20	-1	21	-1	19
4	129.55	50	973	974	22	21	-1	22	-1	20
4	136.7	50	974	975	23	22	-1	23	-1	21
4	143.95	50	975	976	24	23	-1	24	-1	22
4	151.3	50	976	977	25	24	-1	25	-1	23
4	158.75	50	977	978	26	25	-1	26	-1	24
4	166.3	50	978	979	27	26	-1	27	-1	25
4	173.95	50	979	980	28	27	-1	28	-1	26
4	181.7	50	980	981	29	28	-1	29	-1	27
4	189.55	50	981	982	30	29	-1	30	-1	28
4	197.5	50	982	983	31	30	-1	31	-1	29
4	205.55	50	983	984	32	31	-1	32	-1	30
4	213.7	50	984	985	33	32	-1	33	-1	31
4	221.95	50	985	986	34	33	-1	34	-1	32
4	230.3	50	986	987	35	34	-1	35	-1	33
4	238.75	50	987	988	36	35	-1	36	-1	34
4	247.3	50	988	989	37	36	-1	37	-1	35
4	255.95	50	989	990	38	37	-1	38	-1	36
4	264.7	50	990	991	39	38	-1	39	-1	37
4	273.55	50	991	992	40	39	-1	40	-1	38
4	282.5	50	992	993	41	40	-1	41	-1	39
4	291.55	50	993	994	42	41	-1	42	-1	40
4	300.7	50	994	995	43	42	-1	43	-1	41
4	309.95	50	995	996	44	43	-1	44	-1	42
4	319.3	50	996	997	45	44	-1	45	-1	43
4	328.75	50	997	998	46	45	-1	46	-1	44
4	338.3	50	998	999	47	46	-1	47	-1	45
4	347.95	50	999	1000	48	47	-1	48	-1	46
4	357.7	50	1000	1001	49	48	-1	49	-1	47
4	367.55	50	1001	1002	50	49	-1	50	-1	48
4	377.5	50	1002	1003	51	50	-1	51	-1	49
4	387.55	50	1003	1004	52	51	-1	52	-1	50
4	397.7	50	1004	1005	53	52	-1	53	-1	51
4	407.95	50	1005	1006	54	53	-1	54	-1	52
4	418.3	50	1006	1007	55	54	-1	55	-1	53
4	428.75	50	1007	1008	56	55	-1	56	-1	54
4	439.3	50	1008	1009	57	56	-1	57	-1	55
4	449.95	50	1009	1010	58	57	-1	58	-1	56
4	460.7	50	1010	1011	59	58	-1	59	-1	57
4	471.55	50	1011	1012	60	59	-1	60	-1	58
4	482.5	50	1012	1013	61	60	-1	61	-1	59
4	493.55	50	1013	1014	62	61	-1	62	-1	60
4	504.7	50	1014	1015	63	62	-1	63	-1	61
4	515.95	50	1015	1016	64	63	-1	64	-1	62
4	527.3	50	1016	1017	65	64	-1	65	-1	63
4	538.75	50	1017	1018	66	65	-1	66	-1	64
4	550.3	50	1018	1019	67	66	-1	67	-1	65
4	561.95	50	1019	1020	68	67	-1	68	-1	66
4	573.7	50	1020	1021	69	68	-1	69	-1	67
4	585.55	50	1021	1022	70	69	-1	70	-1	68
4	597.5	50	1022	1023	71	70	-1	71	-1	69
4	609.55	50	1023	1024	72	71	-1	72	-1	70
4	621.7	50	1024	1025	73	72	-1	73	-1	71
4	633.95	50	1025	1026	74	73	-1	74	-1	72
4	646.3	50	1026	1027	75	74	-1	75	-1	73
4	658.75	50	1027	1028	76	75	-1	76	-1	74
4	671.3	50	1028	1029	77	76	-1	77	-1	75
4	683.95	50	1029	1030	78	77	-1	78	-1	76
4	696.7	50	1030	1031	79	78	-1	79	-1	77
4	709.55	50	1031	1032	80	79	-1	80	-1	78
4	722.5	50	1032	1033	81	80	-1	81	-1	79
4	735.55	50	1033	1034	82	81	-1	82	-1	80
4	748.7	50	1034	1035	83	82	-1	83	-1	81
4	761.95	50	1035	1036	84	83	-1	84	-1	82
4	775.3	50	1036	1037	85	84	-1	85	-1	83
4	788.75	50	1037	1038	86	85	-1	86	-1	84
4	802.3	50	1038	1039	87	86	-1	87	-1	85
4	815.95	50	1039	1040	88	87	-1	88	-1	86
4	829.7	50	1040	1041	89	88	-1	89	-1	87
4	843.55	50	1041	1042	90	89	-1	90	-1	88
4	857.5	50	1042	1043	91	90	-1	91	-1	89
4	871.55	50	1043	1044	92	91	-1	92	-1	90
4	885.7	50	1044	1045	93	92	-1	93	-1	91
4	899.95	50	1045	1046	94	93	-1	94	-1	92
4	914.3	50	1046	1047	95	94	-1	95	-1	93
4	928.75	50	1047	1048	96	95	-1	96	-1	94
4	943.3	50	1048	1049	97	96	-1	97	-1	95
4	957.95	50	1049	1050	98	97	-1	98	-1	96
4	972.7	50	1050	1051	99	98	-1	99	-1	97
4	987.55	50	1051	1052	100	99	-1	100	-1	98
4	1002.5	50	1052	1053	101	100	-1	101	-1	99
4	1017.55	50	1053	1054	102	101	-1	102	-1	100
4	1032.7	50	1054	1055	103	102	-1	103	-1	101
4	1047.95	50	1055	1056	104	103	-1	104	-1	102
4	1063.3	50	1056	1057	105	104	-1	105	-1	103
4	1078.75	50	1057	1058	106	105	-1	106	-1	104
4	1094.3	50	1058	1059	107	106	-1	107	-1	105
4	1109.95	50	1059	1060	108	107	-1	108	-1	106
4	1125.7	50	1060	1061	109	108	-1	109	-1	107
4	1141.55	50	1061	1062	110	109	-1	110	-1	108
4	1157.5	50	1062	1063	111	110	-1	111	-1	109
4	1173.55	50	1063	1064	112	111	-1	112	-1	110
4	1189.7	50	1064	1065	113	112	-1	113	-1	111
4	1205.95	50	1065	1066	114	113	-1	114	-1	112
4	1222.3	50	1066	1067	115	114	-1	115	-1	113
4	1238.75	50	1067	1068	116	115	-1	116	-1	114
4	1255.3	50	1068	1069	117	116	-1	117	-1	115
4	1271.95	50	1069	1070	118	117	-1	118	-1	116
4	1288.7	50	1070	1071	119	118	-1	119	-1	117
4	1305.55	50	1071	1072	120	119	-1	120	-1	118
4	1322.5	50	1072	1073	121	120	-1	121	-1	119
4	1339.55	50	1073	1074	122	121	-1	122	-1	120
4	1356.7	50	1074	1075	123	122	-1	123	-1	121
4	1373.95	50	1075	1076	124	123	-1	124	-1	122
4	1391.3	50	1076	1077	125	124	-1	125	-1	123
4	1408.75	50	1077	1078	126	125	-1	126	-1	124
4	1426.3	50	1078	1079	127	126	-1	127	-1	125
4	1443.95	50	1079	1080	128	127	-1	128	-1	126
4	1461.7	50	1080	1081	129	128	-1	129	-1	127
4	1479.55	50	1081	1082	130	129	-1	130	-1	128
4	1497.5	50	1082	1083	131	130	-1	131	-1	129
4	1515.55	50	1083	1084	132	131	-1	132	-1	130
4	1533.7	50	1084	1085	133	132	-1	133	-1	131
4	1551.95	50	1085	1086	134	133	-1	134	-1	132
4	1570.3	50	1086	1087	135	134	-1	135	-1	133
4	1588.75	50	1087	1088	136	135	-1	136	-1	134
4	1607.3	50	1088	1089	137	136	-1	137	-1	135
4	1625.95	50	1089	1090	138	137	-1	138	-1	136
4	1644.7	50	1090	1091	139	138	-1	139	-1	137
4	1663.55	50	1091	1092	140	139	-1	140	-1	138
4	1682.5	50	1092	1093	141	140	-1	141	-1	139
4	1701.55	50	1093	1094	142	141	-1	142	-1	140
4	1720.7	50	1094	1095	143	142	-1	143	-1	141
4	1739.95	50	1095	1096	144	143	-1	144	-1	142
4	1759.3	50	1096	1097	145	144	-1	145	-1	143
4	1778.75	50	1097	1098	146	145	-1	146	-1	144
4	1798.3	50	1098	1099	147	146	-1	147	-1	145
4	1817.95	50	1099	1100	148	147	-1	148	-1	146
4	1837.7	50	1100	1101	149	148	-1	149	-1	147
4	1857.55	50	1101	1102	150	149	-1	150	-1	148
4	1877.5	50	1102	1103	151	150	-1	151	-1	149
4	1897.55	50	1103	1104	152	151	-1	152	-1	150
4	1917.7	50	1104	1105	153	152	-1	153	-1	151
4	1937.95	50	1105	1106	154	153	-1	154	-1	152
4	1958.3	50	1106	1107	155	154	-1	155	-1	153
4	1978.75	50	1107	1108	156	155	-1	156	-1	154
4	1999.3	50	1108	1109	157	156	-1	157	-1	155
4	2019.95	50	1109	1110	158	157	-1	158	-1	156
4	2040.7	50	1110	1111	159	158	-1	159	-1	157
4	2061.55	50	1111	1112	160	159	-1	160	-1	158
4	2082.5	50	1112	1113	161	160	-1	161	-1	159
4	2103.55	50	1113	1114	162	161	-1	162	-1	160
4	2124.7	50	1114	1115	163	162	-1	163	-1	161
4	2145.95	50	1115	1116	164	163	-1	164	-1	162
4	2167.3	50	1116	1117	165	164	-1	165	-1	163
4	2188.75	50	1117	1118	166	165	-1	166	-1	164
4	2210.3	50	1118	1119	167	166	-1	167	-1	165
4	2231.95	50	1119	1120	168	167	-1	168	-1	166
4	2253.7	50	1120	1121	169	168	-1	169	-1	167
4	2275.55	50	1121	1122	170	169	-1	170	-1	168
4	2297.5	50	1122	1123	171	170	-1	171	-1	169
4	2319.55	50	1123	1124	172	171	-1	172	-1	170
4	2341.7	50	1124	1125	173	172	-1	173	-1	171
4	2363.95	50	1125	1126	174	173	-1	174	-1	172
4	2386.3	50	1126	1127	175	174	-1	175	-1	173
4	2408.75	50	1127	1128	176	175	-1	176	-1	174
4	2431.3	50	1128	1129	177	176	-1	177	-1	175
4	2453.95	50	1129	1130	178	177	-1	178	-1	176
4	2476.7	50	1130	1131	179	178	-1	179	-1	177
4	2499.55	50	1131	1132	180	179	-1	180	-1	178
4	2522.5	50	1132	1133	181	180	-1	181	-1	179
4	2545.55	50	1133	1134	182	181	-1	182	-1	180
4	2568.7	50	1134	1135	183	182	-1	183	-1	181
4	2591.95	50	1135	1136	184	183	-1	184	-1	182
4	2615.3	50	1136	1137	185	184	-1	185	-1	183
4	2638.75	50	1137	1138	186	185	-1	186	-1	184
4	2662.3	50	1138	1139	187	186	-1	187	-1	185
4	2685.95	50	1139	1140	188	187	-1	188	-1	186
4	2709.7	50	1140	1141	189	188	-1	189	-1	187
4	2733.55	50	1141	1142	190	189	-1	190	-1	188
4	2757.5	50	1142	1143	191	190	-1	191	-1	189
4	2781.55	50	1143	1144	192	191	-1	192	-1	190
4	2805.7	50	1144	1145	193	192	-1	193	-1	191
4	2829.95	50	1145	1146	194	193	-1	194	-1	192
4	2854.3	50	1146	1147	195	194	-1	195	-1	193
4	2878.75	50	1147	1148	196	195	-1	196	-1	194
4	2903.3	50	1148	1149	197	196	-1	197	-1	195
4	2927.95	50	1149	1150	198	197	-1	198	-1	196
4	2952.7	50	1150	1151	199	198	-1	199	-1	197
4	2977.55	50	1151	1152	200	199	-1	200	-1	198
4	3002.5	50	1152	1153	201	200	-1	201	-1	199
4	3027.55	50	1153	1154	202	201	-1	202	-1	200
4	3052.7	50	1154	1155	203	202	-1	203	-1	201
4	3077.95	50	1155	1156	204	203	-1	204	-1	202
4	3103.3	50	1156	1157	205	204	-1	205	-1	203
4	3128.75	50	1157	1158	206	205	-1	206	-1	204
4	3154.3	50	1158	1159	207	206	-1	207	-1	205
4	3179.95	50	1159	1160	208	207	-1	208	-1	206
4	3205.7	50	1160	1161	209	208	-1	209	-1	207
4	3231.55	50	1161	1162	210	209	-1	210	-1	208
4	3257.5	50	1162	1163	211	210	-1	211	-1	209
4	3283.55	50	1163	1164	212	211	-1	212	-1	210
4	3309.7	50	1164	1165	213	212	-1	213	-1	211
4	3335.95	50	1165	1166	214	213	-1	214	-1	212
4	3362.3	50	1166	1167	215	214	-1	215	-1	213
4	3388.75	50	1167	1168	216	215	-1	216	-1	214
4	3415.3	50	1168	1169	217	216	-1	217	-1	215
4	3441.95	50	1169	1170	218	217	-1	218	-1	216
4	3468.7	50	1170	1171	219	218	-1	219	-1	217
4	3495.55	50	1171	1172	220	219	-1	220	-1	218
4	3522.5	50	1172	1173	221	220	-1	221	-1	219
4	3549.55	50	1173	1174	222	221	-1	222	-1	220
4	3576.7	50	1174	1175	223	222	-1	223	-1	221
4	3603.95	50	1175	1176	224	223	-1	224	-1	222
4	3631.3	50	1176	1177	225	224	-1	225	-1	223
4	3658.75	50	1177	1178	226	225	-1	226	-1	224
4	3686.3	50	1178	1179	227	226	-1	227	-1	225
4	3713.95	50	1179	1180	228	227	-1	228	-1	226
4	3741.7	50	1180	1181	229	228	-1	229	-1	227
4	3769.55	50	1181	1182	230	229	-1	230	-1	228
4	3797.5	50	1182	1183	231	230	-1	231	-1	229
4	3825.55	50	1183	1184	232	231	-1	232	-1	230
4	3853.7	50	1184	1185	233	232	-1	233	-1	231
4	3881.95	50	1185	1186	234	233	-1	234	-1	232
4	3910.3	50	1186	1187	235	234	-1	235	-1	233
4	3938.75	50	1187	1188	236	235	-1	236	-1	234
4	3967.3	50	1188	1189	237	236	-1	237	-1	235
4	3995.95	50	1189	1190	238	237	-1	238	-1	236
4	4024.7	50	1190	1191	239	238	-1	239	-1	237
4	4053.55	50	1191	1192	240	239	-1	240	-1	238
4	4082.5	50	1192	1193	241	240	-1	241	-1	239
4	4111.55	50	1193	1194	242	241	-1	242	-1	240
4	4140.7	50	1194	1195	243	242	-1	243	-1	241
4	4169.95	50	1195	1196	244	243	-1	244	-1	242
4	4199.3	50	1196	1197	245	244	-1	245	-1	243
4	4228.75	50	1197	1198	246	245	-1	246	-1	244
4	4258.3	50	1198	1199	247	246	-1	247	-1	245
4	4287.95	50	1199	1200	248	247	-1	248	-1	246
4	4317.7	50	1200	1201	249	248	-1	249	-1	247
4	4347.55	50	1201	1202	250	249	-1	250	-1	248
4	4377.5	50	1202	1203	251	250	-1	251	-1	249
4	4407.55	50	1203	1204	252	251	-1	252	-1	250
4	4437.7	50	1204	1205	253	252	-1	253	-1	251
4	4467.95	50	1205	1206	254	253	-1	254	-1	252
4	4498.3	50	1206	1207	255	254	-1	255	-1	253
4	4528.75	50	1207	1208	256	255	-1	256	-1	254
4	4559.3	50	1208	1209	257	256	-1	257	-1	255
4	4589.95	50	1209	1210	258	257	-1	258	-1	256
4	4620.7	50	1210	1211	259	258	-1	259	-1	257
4	4651.55	50	1211	1212	260	259	-1	260	-1	258
4	4682.5	50	1212	1213	261	260	-1	261	-1	259
4	4713.55	50	1213	1214	262	261	-1	262	-1	260
4	4744.7	50	1214	1215	263	262	-1	263	-1	261
4	4775.95	50	1215	1216	264	263	-1	264	-1	262
4	4807.3	50	1216	1217	265	264	-1	265	-1	263
4	4838.75	50	1217	1218	266	265	-1	266	-1	264
4	4870.3	50	1218	1219	267	266	-1	267	-1	265
4	4901.95	50	1219	1220	268	267	-1	268	-1	266
4	4933.7	50	1220	1221	269	268	-1	269	-1	267
4	4965.55	50	1221	1222	270	269	-1	270	-1	268
4	4997.5	50	1222	1223	271	270	-1	271	-1	269
4	5029.55	50	1223	1224	272	271	-1	272	-1	270
4	5061.7	50	1224	1225	273	272	-1	273	-1	271
4	5093.95	50	1225	1226	274	273	-1	274	-1	272
4	5126.3	50	1226	1227	275	274	-1	275	-1	273
4	5158.75	50	1227	1228	276	275	-1	276	-1	274
4	5191.3	50	1228	1229	277	276	-1	277	-1	275
4	5223.95	50	1229	1230	278	277	-1	278	-1	276
4	5256.7	50	1230	1231	279	278	-1	279	-1	277
4	5289.55	50	1231	1232	280	279	-1	280	-1	278
4	5322.5	50	1232	1233	281	280	-1	281	-1	279
4	5355.55	50	1233	1234	282	281	-1	282	-1	280
4	5388.7	50	1234	1235	283	282	-1	283	-1	281
4	5421.95	50	1235	1236	284	283	-1	284	-1	282
4	5455.3	50	1236	1237	285	284	-1	285	-1	283
4	5488.75	50	1237	1238	286	285	-1	286	-1	284
4	5522.3	50	1238	1239	287	286	-1	287	-1	285
4	5555.95	50	1239	1240	288	287	-1	288	-1	286
4	5589.7	50	1240	1241	289	288	-1	289	-1	287
4	5623.55	50	1241	1242	290	289	-1	290	-1	288
4	5657.5	50	1242	1243	291	290	-1	291	-1	289
4	5691.55	50	1243	1244	292	291	-1	292	-1	290
4	5725.7	50	1244	1245	293	292	-1	293	-1	291
4	5759.95	50	1245	1246	294	293	-1	294	-1	292
4	5794.3	50	1246	1247	295	294	-1	295	-1	293
4	5828.75	50	1247	1248	296	295	-1	296	-1	294
4	5863.3	50	1248	1249	297	296	-1	297	-1	295
4	5897.95	50	1249	1250	298	297	-1	298	-1	296
4	5932.7	50	1250	1251	299	298	-1	299	-1	297
4	5967.55	50	1251	1252	300	299	-1	300	-1	298
4	6002.5	50	1252	1253	301	300	-1	301	-1	299
4	6037.55	50	1253	1254	302	301	-1	302	-1	300
4	6072.7	50	1254	1255	303	302	-1	303	-1	301
4	6107.95	50	1255	1256	304	303	-1	304	-1	302
4	6143.3	50	1256	1257	305	304	-1	305	-1	303
4	6178.75	50	1257	1258	306	305	-1	306	-1	304
4	6214.3	50	1258	1259	307	306	-1	307	-1	305
4	6249.95	50	1259	1260	308	307	-1	308	-1	306
4	6285.7	50	1260	1261	309	308	-1	309	-1	307
4	6321.55	50	1261	1262	310	309	-1	310	-1	308
4	6357.5	50	1262	1263	311	310	-1	311	-1	309
4	6393.55	50	1263	1264	312	311	-1	312	-1	310
4	6429.7	50	1264	1265	313	312	-1	313	-1	311
4	6465.95	50	1265	1266	314	313	-1	314	-1	312
4	6502.3	50	1266	1267	315	314	-1	315	-1	313
4	6538.75	50	1267	1268	316	315	-1	316	-1	314
4	6575.3	50	1268	1269	317	316	-1	317	-1	315
4	6611.95	50	1269	1270	318	317	-1	318	-1	316
4	6648.7	50	1270	1271	319	318	-1	319	-1	317
4	6685.55	50	1271	1272	320	319	-1	320	-1	318
4	6722.5	50	1272	1273	321	320	-1	321	-1	319
4	6759.55	50	1273	1274	322	321	-1	322	-1	320
4	6796.7	50	1274	1275	323	322	-1	323	-1	321
4	6833.95	50	1275	1276	324	323	-1	324	-1	322
4	6871.3	50	1276	1277	325	324	-1	325	-1	323
4	6908.75	50	1277	1278	326	325	-1	326	-1	324
4	6946.3	50	1278	1279	327	326	-1	327	-1	325
4	6983.95	50	1279	1280	328	327	-1	328	-1	326
4	7021.7	50	1280	1281	329	328	-1	329	-1	327
4	7059.55	50	1281	1282	330	329	-1	330	-1	328
4	7097.5	50	1282	1283	331	330	-1	331	-1	329
4	7135.55	50	1283	1284	332	331	-1	332	-1	330
4	7173.7	50	1284	1285	333	332	-1	333	-1	331
4	7211.95	50	1285	1286	334	333	-1	334	-1	332
4	7250.3	50	1286	1287	335	334	-1	335	-1	333
4	7288.75	50	1287	1288	336	335	-1	336	-1	334
4	7327.3	50	1288	1289	337	336	-1	337	-1	335
4	7365.95	50	1289	1290	338	337	-1	338	-1	336
4	7404.7	50	1290	1291	339	338	-1	339	-1	337
4	7443.55	50	1291	1292	340	339	-1	340	-1	338
4	7482.5	50	1292	1293	341	340	-1	341	-1	339
4	7521.55	50	1293	1294	342	341	-1	342	-1	340
4	7560.7	50	1294	1295	343	342	-1	343	-1	341
4	7599.95	50	1295	1296	344	343	-1	344	-1	342
4	7639.3	50	1296	1297	345	344	-1	345	-1	343
4	7678.75	50	1297	1298	346	345	-1	346	-1	344
4	7718.3	50	1298	1299	347	346	-1	347	-1	345
4	7757.95	50	1299	1300	348	347	-1	348	-1	346
4	7797.7	50	1300	1301	349	348	-1	349	-1	347
4	7837.55	50	1301	1302	350	349	-1	350	-1	348
4	7877.5	50	1302	1303	351	350	-1	351	-1	349
4	7917.55	50	1303	1304	352	351	-1	352	-1	350
4	7957.7	50	1304	1305	353	352	-1	353	-1	351
4	7997.95	50	1305	1306	354	353	-1	354	-1	352
4	8038.3	50	1306	1307	355	354	-1	355	-1	353
4	8078.75	50	1307	1308	356	355	-1	356	-1	354
4	8119.3	50	1308	1309	357	356	-1	357	-1	355
4	8159.95	50	1309	1310	358	357	-1	358	-1	356
4	8200.7	50	1310	1311	359	358	-1	359	-1	357
4	8241.55	50	1311	1312	360	359	-1	360	-1	358
4	8282.5	50	1312	1313	361	360	-1	361	-1	359
4	8323.55	50	1313	1314	362	361	-1	362	-1	360
4	8364.7	50	1314	1315	363	362	-1	363	-1	361
4	8405.95	50	1315	1316	364	363	-1	364	-1	362
4	8447.3	50	1316	1317	365	364	-1	365	-1	363
4	8488.75	50	1317	1318	366	365	-1	366	-1	364
4	8530.3	50	1318	1319	367	366	-1	367	-1	365
4	8571.95	50	1319	1320	368	367	-1	368	-1	366
4	8613.7	50	1320	1321	369	368	-1	369	-1	367
4	8655.55	50	1321	1322	370	369	-1	370	-1	368
4	8697.5	50	1322	1323	371	370	-1	371	-1	369
4	8739.55	50	1323	1324	372	371	-1	372	-1	370
4	8781.7	50	1324	1325	373	372	-1	373	-1	371
4	8823.95	50	1325	1326	374	373	-1	374	-1	372
4	8866.3	50	1326	1327	375	374	-1	375	-1	373
4	8908.75	50	1327	1328	376	375	-1	376	-1	374
4	8951.3	50	1328	1329	377	376	-1	377	-1	375
4	8993.95	50	1329	1330	378	377	-1	378	-1	376
4	9036.7	50	1330	1331	379	378	-1	379	-1	377
4	9079.55	50	1331	1332	380	379	-1	380	-1	378
4	9122.5	50	1332	1333	381	380	-1	381	-1	379
4	9165.55	50	1333	1334	382	381	-1	382	-1	380
4	9208.7	50	1334	1335	383	382	-1	383	-1	381
4	9251.95	50	1335	1336	384	383	-1	384	-1	382
4	9295.3	50	1336	1337	385	384	-1	385	-1	383
4	9338.75	50	1337	1338	386	385	-1	386	-1	384
4	9382.3	50	1338	1339	387	386	-1	387	-1	385
4	9425.95	50	1339	1340	388	387	-1	388	-1	386
4	9469.7	50	1340	1341	389	388	-1	389	-1	387
4	9513.55	50	1341	1342	390	389	-1	390	-1	388
4	9557.5	50	1342	1343	391	390	-1	391	-1	389
4	9601.55	50	1343	1344	392	391	-1	392	-1	390
4	9645.7	50	1344	1345	393	392	-1	393	-1	391
4	9689.95	50	1345	1346	394	393	-1	394	-1	392
4	9734.3	50	1346	1347	395	394	-1	395	-1	393
4	9778.75	50	1347	1348	396	395	-1	396	-1	394
4	9823.3	50	1348	1349	397	396	-1	397	-1	395
4	9867.95	50	1349	1350	398	397	-1	398	-1	396
4	9912.7	50	1350	1351	399	398	-1	399	-1	397
4	9957.55	50	1351	1352	400	399	-1	400	-1	398
4	10002.5	50	1352	1353	401	400	-1	401	-1	399
4	10047.55	50	1353	1354	402	401	-1	402	-1	400
4	10092.7	50	1354	1355	403	402	-1	403	-1	401
4	10137.95	50	1355	1356	404	403	-1	404	-1	402
4	10183.3	50	1356	1357	405	404	-1	405	-1	403
4	10228.75	50	1357	1358	406	405	-1	406	-1	404
4	10274.3	50	1358	1359	407	406	-1	407	-1	405
4	10319.95	50	1359	1360	408	407	-1	408	-1	406
4	10365.7	50	1360	1361	409	408	-1	409	-1	407
4	10411.55	50	1361	1362	410	409	-1	410	-1	408
4	10457.5	50	1362	1363	411	410	-1	411	-1	409
4	10503.55	50	1363	1364	412	411	-1	412	-1	410
4	10549.7	50	1364	1365	413	412	-1	413	-1	411
4	10595.95	50	1365	1366	414	413	-1	414	-1	412
4	10642.3	50	1366	1367	415	414	-1	415	-1	413
4	10688.75	50	1367	1368	416	415	-1	416	-1	414
4	10735.3	50	1368	1369	417	416	-1	417	-1	415
4	10781.95	50	1369	1370	418	417	-1	418	-1	416
4	10828.7	50	1370	1371	419	418	-1	419	-1	417
4	10875.55	50	1371	1372	420	419	-1	420	-1	418
4	10922.5	50	1372	1373	421	420	-1	421	-1	419
4	10969.55	50	1373	1374	422	421	-1	422	-1	420
4	11016.7	50	1374	1375	423	422	-1	423	-1	421
4	11063.95	50	1375	1376	424	423	-1	424	-1	422
4	11111.3	50	1376	1377	425	424	-1	425	-1	423
4	11158.75	50	1377	1378	426	425	-1	426	-1	424
4	11206.3	50	1378	1379	427	426	-1	427	-1	425
4	11253.95	50	1379	1380	428	427	-1	428	-1	426
4	11301.7	50	1380	1381	429	428	-1	429	-1	427
4	11349.55	50	1381	1382	430	429	-1	430	-1	428
4	11397.5	50	1382	1383	431	430	-1	431	-1	429
4	11445.55	50	1383	1384	432	431	-1	432	-1	430
4	11493.7	50	1384	1385	433	432	-1	433	-1	431
4	11541.95	50	1385	1386	434	433	-1	434	-1	432
4	11590.3	50	1386	1387	435	434	-1	435	-1	433
4	11638.75	50	1387	1388	436	435	-1	436	-1	434
4	11687.3	50	1388	1389	437	436	-1	437	-1	435
4	11735.95	50	1389	1390	438	437	-1	438	-1	436
4	11784.7	50	1390	1391	439	438	-1	439	-1	437
4	11833.55	50	1391	1392	440	439	-1	440	-1	438
4	11882.5	50	1392	1393	441	440	-1	441	-1	439
4	11931.55	50	1393	1394	442	441	-1	442	-1	440
4	11980.7	50	1394	1395	443	442	-1	443	-1	441
4	12029.95	50	1395	1396	444	443	-1	444	-1	442
4	12079.3	50	1396	1397	445	444	-1	445	-1	443
4	12128.75	50	1397	1398	446	445	-1	446	-1	444
4	12178.3	50	1398	1399	447	446	-1	447	-1	445
4	12227.95	50	1399	1400	448	447	-1	448	-1	446
4	12277.7	50	1400	1401	449	448	-1	449	-1	447
4	12327.55	50	1401	1402	450	449	-1	450	-1	448
4	12377.5	50	1402	1403	451	450	-1	451	-1	449
4	12427.55	50	1403	1404	452	451	-1	452	-1	450
4	12477.7	50	1404	1405	453	452	-1	453	-1	451
4	12527.95	50	1405	1406	454	453	-1	454	-1	452
4	12578.3	50	1406	1407	455	454	-1	455	-1	453
4	12628.75	50	1407	1408	456	455	-1	456	-1	454
4	12679.3	50	1408	1409	457	456	-1	457	-1	455
4	12729.95	50	1409	1410	458	457	-1	458	-1	456
4	12780.7	50	1410	1411	459	458	-1	459	-1	457
4	12831.55	50	1411	1412	460	459	-1	460	-1	458
4	12882.5	50	1412	1413	461	460	-1	461	-1	459
4	12933.55	50	1413	1414	462	461	-1	462	-1	460
4	12984.7	50	1414	1415	463	462	-1	463	-1	461
4	13035.95	50	1415	1416	464	463	-1	464	-1	462
4	13087.3	50	1416	1417	465	464	-1	465	-1	463
4	13138.75	50	1417	1418	466	465	-1	466	-1	464
4	13190.3	50	1418	1419	467	466	-1	467	-1	465
4	13241.95	50	1419	1420	468	467	-1	468	-1	466
4	13293.7	50	1420	1421	469	468	-1	469	-1	467
4	13345.55	50	1421	1422	470	469	-1	470	-1	468
4	13397.5	50	1422	1423	471	470	-1	471	-1	469
4	13449.55	50	1423	1424	472	471	-1	472	-1	470
4	13501.7	50	1424	1425	473	472	-1	473	-1	471
4	13553.95	50	1425	1426	474	473	-1	474	-1	472
4	13606.3	50	1426	1427	475	474	-1	475	-1	473
4	13658.75	50	1427	1428	476	475	-1	476	-1	474
4	13711.3	50	1428	1429	477	476	-1	477	-1	475
4	13763.95	50	1429	1430	478	477	-1	478	-1	476
4	13816.7	50	1430	1431	479	478	-1	479	-1	477
4	13869.55	50	1431	1432	480	479	-1	480	-1	478
4	13922.5	50	1432	1433	481	480	-1	481	-1	479
4	13975.55	50	1433	1434	482	481	-1	482	-1	480
4	14028.7	50	1434	1435	483	482	-1	483	-1	481
4	14081.95	50	1435	1436	484	483	-1	484	-1	482
4	14135.3	50	1436	1437	485	484	-1	485	-1	483
4	14188.75	50	1437	1438	486	485	-1	486	-1	484
4	14242.3	50	1438	1439	487	486	-1	487	-1	485
4	14295.95	50	1439	1440	488	487	-1	488	-1	486
4	14349.7	50	1440	1441	489	488	-1	489	-1	487
4	14403.55	50	1441	1442	490	489	-1	490	-1	488
4	14457.5	50	1442	1443	491	490	-1	491	-1	489
4	14511.55	50	1443	1444	492	491	-1	492	-1	490
4	14565.7	50	1444	1445	493	492	-1	493	-1	491
4	14619.95	50	1445	1446	494	493	-1	494	-1	492
4	14674.3	50	1446	1447	495	494	-1	495	-1	493
4	14728.75	50	1447	1448	496	495	-1	496	-1	494
4	14783.3	50	1448	1449	497	496	-1	497	-1	495
4	14837.95	50	1449	1450	498	497	-1	498	-1	496
4	14892.7	50	1450	1451	499	498	-1	499	-1	497
4	14947.55	50	1451	1452	500	499	-1	500	-1	498
4	15002.5	50	1452	1453	501	500	-1	501	-1	499
4	15057.55	50	1453	1454	502	501	-1	502	-1	500
4	15112.7	50	1454	1455	503	502	-1	503	-1	501
4	15167.95	50	1455	1456	504	503	-1	504	-1	502
4	15223.3	50	1456	1457	505	504	-1	505	-1	503
4	15278.75	50	1457	1458	506	505	-1	506	-1	504
4	15334.3	50	1458	1459	507	506	-1	507	-1	505
4	15389.95	50	1459	1460	508	507	-1	508	-1	506
4	15445.7	50	1460	1461	509	508	-1	509	-1	507
4	15501.55	50	1461	1462	510	509	-1	510	-1	508
4	15557.5	50	1462	1463	511	510	-1	511	-1	509
4	15613.55	50	1463	1464	512	511	-1	512	-1	510
4	15669.7	50	1464	1465	513	512	-1	513	-1	511
4	15725.95	50	1465	1466	514	513	-1	514	-1	512
4	15782.3	50	1466	1467	515	514	-1	515	-1	513
4	15838.75	50	1467	1468	516	515	-1	516	-1	514
4	15895.3	50	1468	1469	517	516	-1	517	-1	515
4	15951.95	50	1469	1470	518	517	-1	518	-1	516
4	16008.7	50	1470	1471	519	518	-1	519	-1	517
4	16065.55	50	1471	1472	520	519	-1	520	-1	518
4	16122.5	50	1472	1473	521	520	-1	521	-1	519
4	16179.55	50	1473	1474	522	521	-1	522	-1	520
4	16236.7	50	1474	1475	523	522	-1	523	-1	521
4	16293.95	50	1475	1476	524	523	-1	524	-1	522
4	16351.3	50	1476	1477	525	524	-1	525	-1	523
4	16408.75	50	1477	1478	526	525	-1	526	-1	524
4	16466.3	50	1478	1479	527	526	-1	527	-1	525
4	16523.95	50	1479	1480	528	527	-1	528	-1	526
4	16581.7	50	1480	1481	529	528	-1	529	-1	527
4	16639.55	50	1481	1482	530	529	-1	530	-1	528
4	16697.5	50	1482	1483	531	530	-1	531	-1	529
4	16755.55	50	1483	1484	532	531	-1	532	-1	530
4	16813.7	50	1484	1485	533	532	-1	533	-1	531
4	16871.95	50	1485	1486	534	533	-1	534	-1	532
4	16930.3	50	1486	1487	535	534	-1	535	-1	533
4	16988.75	50	1487	1488	536	535	-1	536	-1	534
4	17047.3	50	1488	1489	537	536	-1	537	-1	535
4	17105.95	50	1489	1490	538	537	-1	538	-1	536
4	17164.7	50	1490	1491	539	538	-1	539	-1	537
4	17223.55	50	1491	1492	540	539	-1	540	-1	538
4	17282.5	50	1492	1493	541	540	-1	541	-1	539
4	17341.55	50	1493	1494	542	541	-1	542	-1	540
4	17400.7	50	1494	1495	543	542	-1	543	-1	541
4	17459.95	50	1495	1496	544	543	-1	544	-1	542
4	17519.3	50	1496	1497	545	544	-1	545	-1	543
4	17578.75	50	1497	1498	546	545	-1	546	-1	544
4	17638.3	50	1498	1499	547	546	-1	547	-1	545
4	17697.95	50	1499	1500	548	547	-1	548	-1	546
4	17757.7	50	1500	1501	549	548	-1	549	-1	547
4	17817.55	50	1501	1502	550	549	-1	550	-1	548
4	17877.5	50	1502	1503	551	550	-1	551	-1	549
4	17937.55	50	1503	1504	552	551	-1	552	-1	550
4	17997.7	50	1504	1505	553	552	-1	553	-1	551
4	18057.95	50	1505	1506	554	553	-1	554	-1	552
4	18118.3	50	1506	1507	555	554	-1	555	-1	553
4	18178.75	50	1507	1508	556	555	-1	556	-1	554
4	18239.3	50	1508	1509	557	556	-1	557	-1	555
4	18299.95	50	1509	1510	558	557	-1	558	-1	556
4	18360.7	50	1510	1511	559	558	-1	559	-1	557
4	18421.55	50	1511	1512	560	559	-1	560	-1	558
4	18482.5	50	1512	1513	561	560	-1	561	-1	559
4	18543.55	50	1513	1514	562	561	-1	562	-1	560
4	18604.7	50	1514	1515	563	562	-1	563	-1	561
4	18665.95	50	1515	1516	564	563	-1	564	-1	562
4	18727.3	50	1516	1517	565	564	-1	565	-1	563
4	18788.75	50	1517	1518	566	565	-1	566	-1	564
4	18850.3	50	1518	1519	567	566	-1	567	-1	565
4	18911.95	50	1519	1520	568	567	-1	568	-1	566
4	18973.7	50	1520	1521	569	568	-1	569	-1	567
4	19035.55	50	1521	1522	570	569	-1	570	-1	568
4	19097.5	50	1522	1523	571	570	-1	571	-1	569
4	19159.55	50	1523	1524	572	571	-1	572	-1	570
4	19221.7	50	1524	1525	573	572	-1	573	-1	571
4	19283.95	50	1525	1526	574	573	-1	574	-1	572
4	19346.3	50	1526	1527	575	574	-1	575	-1	573
4	19408.75	50	1527	1528	576	575	-1	576	-1	574
4	19471.3	50	1528	1529	577	576	-1	577	-1	575
4	19533.95	50	1529	1530	578	577	-1	578	-1	576
4	19596.7	50	1530	1531	579	578	-1	579	-1	577
4	19659.55	50	1531	1532	580	579	-1	580	-1	578
4	19722.5	50	1532	1533	581	580	-1	581	-1	579
4	19785.55	50	1533	1534	582	581	-1	582	-1	580
4	19848.7	50	1534	1535	583	582	-1	583	-1	581
4	19911.95	50	1535	1536	584	583	-1	584	-1	582
4	19975.3	50	1536	1537	585	584	-1	585	-1	583
4	20038.75	50	1537	1538	586	585	-1	586	-1	584
4	20102.3	50	1538	1539	587	586	-1	587	-1	585
4	20165.95	50	1539	1540	588	587	-1	588	-1	586
4	20229.7	50	1540	1541	589	588	-1	589	-1	587
4	20293.55	50	1541	1542	590	589	-1	590	-1	588
4	20357.5	50	1542	1543	591	590	-1	591	-1	589
4	20421.55	50	1543	1544	592	591	-1	592	-1	590
4	20485.7	50	1544	1545	593	592	-1	593	-1	591
4	20549.95	50	1545	1546	594	593	-1	594	-1	592
4	20614.3	50	1546	1547	595	594	-1	595	-1	593
4	20678.75	50	1547	1548	596	595	-1	596	-1	594
4	20743.3	50	1548	1549	597	596	-1	597	-1	595
4	20807.95	50	1549	1550	598	597	-1	598	-1	596
4	20872.7	50	1550	1551	599	598	-1	599	-1	597
4	20937.55	50	1551	1552	600	599	-1	600	-1	598
4	21002.5	50	1552	1553	601	600	-1	601	-1	599
4	21067.55	50	1553	1554	602	601	-1	602	-1	600
4	21132.7	50	1554	1555	603	602	-1	603	-1	601
4	21197.95	50	1555	1556	604	603	-1	604	-1	602
4	21263.3	50	1556	1557	605	604	-1	605	-1	603
4	21328.75	50	1557	1558	606	605	-1	606	-1	604
4	21394.3	50	1558	1559	607	606	-1	607	-1	605
4	21459.95	50	1559	1560	608	607	-1	608	-1	606
4	21525.7	50	1560	1561	609	608	-1	609	-1	607
4	21591.55	50	1561	1562	610	609	-1	610	-1	608
4	21657.5	50	1562	1563	611	610	-1	611	-1	609
4	21723.55	50	1563	1564	612	611	-1	612	-1	610
4	21789.7	50	1564	1565	613	612	-1	613	-1	611
4	21855.95	50	1565	1566	614	613	-1	614	-1	612
4	21922.3	50	1566	1567	615	614	-1	615	-1	613
4	21988.75	50	1567	1568	616	615	-1	616	-1	614
4	22055.3	50	1568	1569	617	616	-1	617	-1	615
4	22121.95	50	1569	1570	618	617	-1	618	-1	616
4	22188.7	50	1570	1571	619	618	-1	619	-1	617
4	22255.55	50	1571	1572	620	619	-1	620	-1	618
4	22322.5	50	1572	1573	621	620	-1	621	-1	619
4	22389.55	50	1573	1574	622	621	-1	622	-1	620
4	22456.7	50	1574	1575	623	622	-1	623	-1	621
4	22523.95	50	1575	1576	624	623	-1	624	-1	622
4	22591.3	50	1576	1577	625	624	-1	625	-1	623
4	22658.75	50	1577	1578	626	625	-1	626	-1	624
4	22726.3	50	1578	1579	627	626	-1	627	-1	625
4	22793.95	50	1579	1580	628	627	-1	628	-1	626
4	22861.7	50	1580	1581	629	628	-1	629	-1	627
4	22929.55	50	1581	1582	630	629	-1	630	-1	628
4	22997.5	50	1582	1583	631	630	-1	631	-1	629
4	23065.55	50	1583	1584	632	631	-1	632	-1	630
4	23133.7	50	1584	1585	633	632	-1	633	-1	631
4	23201.95	50	1585	1586	634	633	-1	634	-1	632
4	23270.3	50	1586	1587	635	634	-1	635	-1	633
4	23338.75	50	1587	1588	636	635	-1	636	-1	634
4	23407.3	50	1588	1589	637	636	-1	637	-1	635
4	23475.95	50	1589	1590	638	637	-1	638	-1	636
4	23544.7	50	1590	1591	639	638	-1	639	-1	637
4	23613.55	50	1591	1592	640	639	-1	640	-1	638
4	23682.5	50	1592	1593	641	640	-1	641	-1	639
4	23751.55	50	1593	1594	642	641	-1	642	-1	640
4	23820.7	50	1594	1595	643	642	-1	643	-1	641
4	23889.95	50	1595	1596	644	643	-1	644	-1	642
4	23959.3	50	1596	1597	645	644	-1	645	-1	643
4	24028.75	50	1597	1598	646	645	-1	646	-1	644
4	24098.3	50	1598	1599	647	646	-1	647	-1	645
4	24167.95	50	1599	1600	648	647	-1	648	-1	646
4	24237.7	50	1600	1601	649	648	-1	649	-1	647
4	24307.55	50	1601	1602	650	649	-1	650	-1	648
4	24377.5	50	1602	1603	651	650	-1	651	-1	649
4	24447.55	50	1603	1604	652	651	-1	652	-1	650
4	24517.7	50	1604	1605	653	652	-1	653	-1	651
4	24587.95	50	1605	1606	654	653	-1	654	-1	652
4	24658.3	50	1606	1607	655	654	-1	655	-1	653
4	24728.75	50	1607	1608	656	655	-1	656	-1	654
4	24799.3	50	1608	1609	657	656	-1	657	-1	655
4	24869.95	50	1609	1610	658	657	-1	658	-1	656
4	24940.7	50	1610	1611	659	658	-1	659	-1	657
4	25011.55	50	1611	1612	660	659	-1	660	-1	658
4	25082.5	50	1612	1613	661	660	-1	661	-1	659
4	25153.55	50	1613	1614	662	661	-1	662	-1	660
4	25224.7	50	1614	1615	663	662	-1	663	-1	661
4	25295.95	50	1615	1616	664	663	-1	664	-1	662
4	25367.3	50	1616	1617	665	664	-1	665	-1	663
4	25438.75	50	1617	1618	666	665	-1	666	-1	664
4	25510.3	50	1618	1619	667	666	-1	667	-1	665
4	25581.95	50	1619	1620	668	667	-1	668	-1	666
4	25653.7	50	1620	1621	669	668	-1	669	-1	667
4	25725.55	50	1621	1622	670	669	-1	670	-1	668
4	25797.5	50	1622	1623	671	670	-1	671	-1	669
4	25869.55	50	1623	1624	672	671	-1	672	-1	670
4	25941.7	50	1624	1625	673	672	-1	673	-1	671
4	26013.95	50	1625	1626	674	673	-1	674	-1	672
4	26086.3	50	1626	1627	675	674	-1	675	-1	673
4	26158.75	50	1627	1628	676	675	-1	676	-1	674
4	26231.3	50	1628	1629	677	676	-1	677	-1	675
4	26303.95	50	1629	1630	678	677	-1	678	-1	676
4	26376.7	50	1630	1631	679	678	-1	679	-1	677
4	26449.55	50	1631	1632	680	679	-1	680	-1	678
4	26522.5	50	1632	1633	681	680	-1	681	-1	679
4	26595.55	50	1633	1634	682	681	-1	682	-1	680
4	26668.7	50	1634	1635	683	682	-1	683	-1	681
4	26741.95	50	1635	1636	684	683	-1	684	-1	682
4	26815.3	50	1636	1637	685	684	-1	685	-1	683
4	26888.75	50	1637	1638	686	685	-1	686	-1	684
4	26962.3	50	1638	1639	687	686	-1	687	-1	685
4	27035.95	50	1639	1640	688	687	-1	688	-1	686
4	27109.7	50	1640	1641	689	688	-1	689	-1	687
4	27183.55	50	1641	1642	690	689	-1	690	-1	688
4	27257.5	50	1642	1643	691	690	-1	691	-1	689
4	27331.55	50	1643	1644	692	691	-1	692	-1	690
4	27405.7	50	1644	1645	693	692	-1	693	-1	691
4	27479.95	50	1645	1646	694	693	-1	694	-1	692
4	27554.3	50	1646	1647	695	694	-1	695	-1	693
4	27628.75	50	1647	1648	696	695	-1	696	-1	694
4	27703.3	50	1648	1649	697	696	-1	697	-1	695
4	27777.95	50	1649	1650	698	697	-1	698	-1	696
4	27852.7	50	1650	1651	699	698	-1	699	-1	697
4	27927.55	50	1651	1652	700	699	-1	700	-1	698
4	28002.5	50	1652	1653	701	700	-1	701	-1	699
4	28077.55	50	1653	1654	702	701	-1	702	-1	700
4	28152.7	50	1654	1655	703	702	-1	703	-1	701
4	28227.95	50	1655	1656	704	703	-1	704	-1	702
4	28303.3	50	1656	1657	705	704	-1	705	-1	703
4	28378.75	50	1657	1658	706	705	-1	706	-1	704
4	28454.3	50	1658	1659	707	706	-1	707	-1	705
4	28529.95	50	1659	1660	708	707	-1	708	-1	706
4	28605.7	50	1660	1661	709	708	-1	709	-1	707
4	28681.55	50	1661	1662	710	709	-1	710	-1	708
4	28757.5	50	1662	1663	711	710	-1	711	-1	709
4	28833.55	50	1663	1664	712	711	-1	712	-1	710
4	28909.7	50	1664	1665	713	712	-1	713	-1	711
4	28985.95	50	1665	1666	714	713	-1	714	-1	712
4	29062.3	50	1666	1667	715	714	-1	715	-1	713
4	29138.75	50	1667	1668	716	715	-1	716	-1	714
4	29215.3	50	1668	1669	717	716	-1	717	-1	715
4	29291.95	50	1669	1670	718	717	-1	718	-1	716
4	29368.7	50	1670	1671	719	718	-1	719	-1	717
4	29445.55	50	1671	1672	720	719	-1	720	-1	718
4	29522.5	50	1672	1673	721	720	-1	721	-1	719
4	29599.55	50	1673	1674	722	721	-1	722	-1	720
4	29676.7	50	1674	1675	723	722	-1	723	-1	721
4	29753.95	50	1675	1676	724	723	-1	724	-1	722
4	29831.3	50	1676	1677	725	724	-1	725	-1	723
4	29908.75	50	1677	1678	726	725	-1	726	-1	724
4	29986.3	50	1678	1679	727	726	-1	727	-1	725
4	30063.95	50	1679	1680	728	727	-1	728	-1	726
4	30141.7	50	1680	1681	729	728	-1	729	-1	727
4	30219.55	50	1681	1682	730	729	-1	730	-1	728
4	30297.5	50	1682	1683	731	730	-1	731	-1	729
4	30375.55	50	1683	1684	732	731	-1	732	-1	730
4	30453.7	50	1684	1685	733	732	-1	733	-1	731
4	30531.95	50	1685	1686	734	733	-1	734	-1	732
4	30610.3	50	1686	1687	735	734	-1	735	-1	733
4	30688.75	50	1687	1688	736	735	-1	736	-1	734
4	30767.3	50	1688	1689	737	736	-1	737	-1	735
4	30845.95	50	1689	1690	738	737	-1	738	-1	736
4	30924.7	50	1690	1691	739	738	-1	739	-1	737
4	31003.55	50	1691	1692	740	739	-1	740	-1	738
4	31082.5	50	1692	1693	741	740	-1	741	-1	739
4	31161.55	50	1693	1694	742	741	-1	742	-1	740
4	31240.7	50	1694	1695	743	742	-1	743	-1	741
4	31319.95	50	1695	1696	744	743	-1	744	-1	742
4	31399.3	50	1696	1697	745	744	-1	745	-1	743
4	31478.75	50	1697	1698	746	745	-1	746	-1	744
4	31558.3	50	1698	1699	747	746	-1	747	-1	745
4	31637.95	50	1699	1700	748	747	-1	748	-1	746
4	31717.7	50	1700	1701	749	748	-1	749	-1	747
4	31797.55	50	1701	1702	750	749	-1	750	-1	748
4	31877.5	50	1702	1703	751	750	-1	751	-1	749
4	31957.55	50	1703	1704	752	751	-1	752	-1	750
4	32037.7	50	1704	1705	753	752	-1	753	-1	751
4	32117.95	50	1705	1706	754	753	-1	754	-1	752
4	32198.3	50	1706	1707	755	754	-1	755	-1	753
4	32278.75	50	1707	1708	756	755	-1	756	-1	754
4	32359.3	50	1708	1709	757	756	-1	757	-1	755
4	32439.95	50	1709	1710	758	757	-1	758	-1	756
4	32520.7	50	1710	1711	759	758	-1	759	-1	757
4	32601.55	50	1711	1712	760	759	-1	760	-1	758
4	32682.5	50	1712	1713	761	760	-1	761	-1	759
4	32763.55	50	1713	1714	762	761	-1	762	-1	760
4	32844.7	50	1714	1715	763	762	-1	763	-1	761
4	32925.95	50	1715	1716	764	763	-1	764	-1	762
4	33007.3	50	1716	1717	765	764	-1	765	-1	763
4	33088.75	50	1717	1718	766	765	-1	766	-1	764
4	33170.3	50	1718	1719	767	766	-1	767	-1	765
4	33251.95	50	1719	1720	768	767	-1	768	-1	766
4	33333.7	50	1720	1721	769	768	-1	769	-1	767
4	33415.55	50	1721	1722	770	769	-1	770	-1	768
4	33497.5	50	1722	1723	771	770	-1	771	-1	769
4	33579.55	50	1723	1724	772	771	-1	772	-1	770
4	33661.7	50	1724	1725	773	772	-1	773	-1	771
4	33743.95	50	1725	1726	774	773	-1	774	-1	772
4	33826.3	50	1726	1727	775	774	-1	775	-1	773
4	33908.75	50	1727	1728	776	775	-1	776	-1	774
4	33991.3	50	1728	1729	777	776	-1	777	-1	775
4	34073.95	50	1729	1730	778	777	-1	778	-1	776
4	34156.7	50	1730	1731	779	778	-1	779	-1	777
4	34239.55	50	1731	1732	780	779	-1	780	-1	778
4	34322.5	50	1732	1733	781	780	-1	781	-1	779
4	34405.55	50	1733	1734	782	781	-1	782	-1	780
4	34488.7	50	1734	1735	783	782	-1	783	-1	781
4	34571.95	50	1735	1736	784	783	-1	784	-1	782
4	34655.3	50	1736	1737	785	784	-1	785	-1	783
4	34738.75	50	1737	1738	786	785	-1	786	-1	784
4	34822.3	50	1738	1739	787	786	-1	787	-1	785
4	34905.95	50	1739	1740	788	787	-1	788	-1	786
4	34989.7	50	1740	1741	789	788	-1	789	-1	787
4	35073.55	50	1741	1742	790	789	-1	790	-1	788
4	35157.5	50	1742	1743	791	790	-1	791	-1	789
4	35241.55	50	1743	1744	792	791	-1	792	-1	790
4	35325.7	50	1744	1745	793	792	-1	793	-1	791
4	35409.95	50	1745	1746	794	793	-1	794	-1	792
4	35494.3	50	1746	1747	795	794	-1	795	-1	793
4	35578.75	50	1747	1748	796	795	-1	796	-1	794
4	35663.3	50	1748	1749	797	796	-1	797	-1	795
4	35747.95	50	1749	1750	798	797	-1	798	-1	796
4	35832.7	50	1750	1751	799	798	-1	799	-1	797
4	35917.55	50	1751	1752	800	799	-1	800	-1	798
4	36002.5	50	1752	1753	801	800	-1	801	-1	799
4	36087.55	50	1753	1754	802	801	-1	802	-1	800
4	36172.7	50	1754	1755	803	802	-1	803	-1	801
4	36257.95	50	1755	1756	804	803	-1	804	-1	802
4	36343.3	50	1756	1757	805	804	-1	805	-1	803
4	36428.75	50	1757	1758	806	805	-1	806	-1	804
4	36514.3	50	1758	1759	807	806	-1	807	-1	805
4	36599.95	50	1759	1760	808	807	-1	808	-1	806
4	36685.7	50	1760	1761	809	808	-1	809	-1	807
4	36771.55	50	1761	1762	810	809	-1	810	-1	808
4	36857.5	50	1762	1763	811	810	-1	811	-1	809
4	36943.55	50	1763	1764	812	811	-1	812	-1	810
4	37029.7	50	1764	1765	813	812	-1	813	-1	811
4	37115.95	50	1765	1766	814	813	-1	814	-1	812
4	37202.3	50	1766	1767	815	814	-1	815	-1	813
4	37288.75	50	1767	1768	816	815	-1	816	-1	814
4	37375.3	50	1768	1769	817	816	-1	817	-1	815
4	37461.95	50	1769	1770	818	817	-1	818	-1	816
4	37548.7	50	1770	1771	819	818	-1	819	-1	817
4	37635.55	50	1771	1772	820	819	-1	820	-1	818
4	37722.5	50	1772	1773	821	820	-1	821	-1	819
4	37809.55	50	1773	1774	822	821	-1	822	-1	820
4	37896.7	50	1774	1775	823	822	-1	823	-1	821
4	37983.95	50	1775	1776	824	823	-1	824	-1	822
4	38071.3	50	1776	1777	825	824	-1	825	-1	823
4	38158.75	50	1777	1778	826	825	-1	826	-1	824
4	38246.3	50	1778	1779	827	826	-1	827	-1	825
4	38333.95	50	1779	1780	828	827	-1	828	-1	826
4	38421.7	50	1780	1781	829	828	-1	829	-1	827
4	38509.55	50	1781	1782	830	829	-1	830	-1	828
4	38597.5	50	1782	1783	831	830	-1	831	-1	829
4	38685.55	50	1783	1784	832	831	-1	832	-1	830
4	38773.7	50	1784	1785	833	832	-1	833	-1	831
4	38861.95	50	1785	1786	834	833	-1	834	-1	832
4	38950.3	50	1786	1787	835	834	-1	835	-1	833
4	39038.75	50	1787	1788	836	835	-1	836	-1	834
4	39127.3	50	1788	1789	837	836	-1	837	-1	835
4	39215.95	50	1789	1790	838	837	-1	838	-1	836
4	39304.7	50	1790	1791	839	838	-1	839	-1	837
4	39393.55	50	1791	1792	840	839	-1	840	-1	838
4	39482.5	50	1792	1793	841	840	-1	841	-1	839
4	39571.55	50	1793	1794	842	841	-1	842	-1	840
4	39660.7	50	1794	1795	843	842	-1	843	-1	841
4	39749.95	50	1795	1796	844	843	-1	844	-1	842
4	39839.3	50	1796	1797	845	844	-1	845	-1	843
4	39928.75	50	1797	1798	846	845	-1	846	-1	844
4	40018.3	50	1798	1799	847	846	-1	847	-1	845
4	40107.95	50	1799	1800	848	847	-1	848	-1	846
4	40197.7	50	1800	1801	849	848	-1	849	-1	847
4	40287.55	50	1801	1802	850	849	-1	850	-1	848
4	40377.5	50	1802	1803	851	850	-1	851	-1	849
4	40467.55	50	1803	1804	852	851	-1	852	-1	850
4	40557.7	50	1804	1805	853	852	-1	853	-1	851
4	40647.95	50	1805	1806	854	853	-1	854	-1	852
4	40738.3	50	1806	1807	855	854	-1	855	-1	853
4	40828.75	50	1807	1808	856	855	-1	856	-1	854
4	40919.3	50	1808	1809	857	856	-1	857	-1	855
4	41009.95	50	1809	1810	858	857	-1	858	-1	856
4	41100.7	50	1810	1811	859	858	-1	859	-1	857
4	41191.55	50	1811	1812	860	859	-1	860	-1	858
4	41282.5	50	1812	1813	861	860	-1	861	-1	859
4	41373.55	50	1813	1814	862	861	-1	862	-1	860
4	41464.7	50	1814	1815	863	862	-1	863	-1	861
4	41555.95	50	1815	1816	864	863	-1	864	-1	862
4	41647.3	50	1816	1817	865	864	-1	865	-1	863
4	41738.75	50	1817	1818	866	865	-1	866	-1	864
4	41830.3	50	1818	1819	867	866	-1	867	-1	865
4	41921.95	50	1819	1820	868	867	-1	868	-1	866
4	42013.7	50	1820	1821	869	868	-1	869	-1	867
4	42105.55	50	1821	1822	870	869	-1	870	-1	868
4	42197.5	50	1822	1823	871	870	-1	871	-1	869
4	42289.55	50	1823	1824	872	871	-1	872	-1	870
4	42381.7	50	1824	1825	873	872	-1	873	-1	871
4	42473.95	50	1825	1826	874	873	-1	874	-1	872
4	42566.3	50	1826	1827	875	874	-1	875	-1	873
4	42658.75	50	1827	1828	876	875	-1	876	-1	874
4	42751.3	50	1828	1829	877	876	-1	877	-1	875
4	42843.95	50	1829	1830	878	877	-1	878	-1	876
4	42936.7	50	1830	1831	879	878	-1	879	-1	877
4	43029.55	50	1831	1832	880	879	-1	880	-1	878
4	43122.5	50	1832	1833	881	880	-1	881	-1	879
4	43215.55	50	1833	1834	882	881	-1	882	-1	880
4	43308.7	50	1834	1835	883	882	-1	883	-1	881
4	43401.95	50	1835	1836	884	883	-1	884	-1	882
4	43495.3	50	1836	1837	885	884	-1	885	-1	883
4	43588.75	50	1837	1838	886	885	-1	886	-1	884
4	43682.3	50	1838	1839	887	886	-1	887	-1	885
4	43775.95	50	1839	1840	888	887	-1	888	-1	886
4	43869.7	50	1840	1841	889	888	-1	889	-1	887
4	43963.55	50	1841	1842	890	889	-1	890	-1	888
4	44057.5	50	1842	1843	891	890	-1	891	-1	889
4	44151.55	50	1843	1844	892	891	-1	892	-1	890
4	44245.7	50	1844	1845	893	892	-1	893	-1	891
4	44339.95	50	1845	1846	894	893	-1	894	-1	892
4	44434.3	50	1846	1847	895	894	-1	895	-1	893
4	44528.75	50	1847	1848	896	895	-1	896	-1	894
4	44623.3	50	1848	1849	897	896	-1	897	-1	895
4	44717.95	50	1849	1850	898	897	-1	898	-1	896
4	44812.7	50	1850	1851	899	898	-1	899	-1	897
4	44907.55	50	1851	1852	900	899	-1	900	-1	898
4	45002.5	50	1852	1853	901	900	-1	901	-1	899
4	45097.55	50	1853	1854	902	901	-1	902	-1	900
4	45192.7	50	1854	1855	903	902	-1	903	-1	901
4	45287.95	50	1855	1856	904	903	-1	904	-1	902
4	45383.3	50	1856	1857	905	904	-1	905	-1	903
4	45478.75	50	1857	1858	906	905	-1	906	-1	904
4	45574.3	50	1858	1859	907	906	-1	907	-1	905
4	45669.95	50	1859	1860	908	907	-1	908	-1	906
4	45765.7	50	1860	1861	909	908	-1	909	-1	907
4	45861.55	50	1861	1862	910	909	-1	910	-1	908
4	45957.5	50	1862	1863	911	910	-1	911	-1	909
4	46053.55	50	1863	1864	912	911	-1	912	-1	910
4	46149.7	50	1864	1865	913	912	-1	913	-1	911
4	46245.95	50	1865	1866	914	913	-1	914	-1	912
4	46342.3	50	1866	1867	915	914	-1	915	-1	913
4	46438.75	50	1867	1868	916	915	-1	916	-1	914
4	46535.3	50	1868	1869	917	916	-1	917	-1	915
4	46631.95	50	1869	1870	918	917	-1	918	-1	916
4	46728.7	50	1870	1871	919	918	-1	919	-1	917
4	46825.55	50	1871	1872	920	919	-1	920	-1	918
4	46922.5	50	1872	1873	921	920	-1	921	-1	919
4	47019.55	50	1873	1874	922	921	-1	922	-1	920
4	47116.7	50	1874	1875	923	922	-1	923	-1	921
4	47213.95	50	1875	1876	924	923	-1	924	-1	922
4	47311.3	50	1876	1877	925	924	-1	925	-1	923
4	47408.75	50	1877	1878	926	925	-1	926	-1	924
4	47506.3	50	1878	1879	927	926	-1	927	-1	925
4	47603.95	50	1879	1880	928	927	-1	928	-1	926
4	47701.7	50	1880	1881	929	928	-1	929	-1	927
4	47799.55	50	1881	1882	930	929	-1	930	-1	928
4	47897.5	50	1882	1883	931	930	-1	931	-1	929
4	47995.55	50	1883	1884	932	931	-1	932	-1	930
4	48093.7	50	1884	1885	933	932	-1	933	-1	931
4	48191.95	50	1885	1886	934	933	-1	934	-1	932
4	48290.3	50	1886	1887	935	934	-1	935	-1	933
4	48388.75	50	1887	1888	936	935	-1	936	-1	934
4	48487.3	50	1888	1889	937	936	-1	937	-1	935
4	48585.95	50	1889	1890	938	937	-1	938	-1	936
4	48684.7	50	1890	1891	939	938	-1	939	-1	937
4	48783.55	50	1891	1892	940	939	-1	940	-1	938
4	48882.5	50	1892	1893	941	940	-1	941	-1	939
4	48981.55	50	1893	1894	942	941	-1	942	-1	940
4	49080.7	50	1894	1895	943	942	-1	943	-1	941
4	49179.95	50	1895	1896	944	943	-1	944	-1	942
4	49279.3	50	1896	1897	945	944	-1	945	-1	943
4	49378.75	50	1897	1898	946	945	-1	946	-1	944
4	49478.3	50	1898	1899	947	946	-1	947	-1	945
4	49577.95	50	1899	1900	948	947	-1	948	-1	946
4	49677.7	50	1900	1901	949	948	-1	949	-1	947
4	49777.55	50	1901	1902	950	949	-1	950	-1	948
4	49877.5	50	1902	1903	951	950	-1	-1	-1	949
