0	0	0
5	0	1
10.1	0	2
15.3	0	3
20.6	0	4
26	0	5
31.5	0	6
37.1	0	7
42.8	0	8
48.6	0	9
54.5	0	10
60.5	0	11
66.6	0	12
72.8	0	13
79.1	0	14
85.5	0	15
92	0	16
98.6	0	17
105.3	0	18
112.1	0	19
119	0	20
126	0	21
133.1	0	22
140.3	0	23
147.6	0	24
155	0	25
162.5	0	26
170.1	0	27
177.8	0	28
185.6	0	29
193.5	0	30
201.5	0	31
209.6	0	32
217.8	0	33
226.1	0	34
234.5	0	35
243	0	36
251.6	0	37
260.3	0	38
269.1	0	39
278	0	40
287	0	41
296.1	0	42
305.3	0	43
314.6	0	44
324	0	45
333.5	0	46
343.1	0	47
352.8	0	48
362.6	0	49
372.5	0	50
382.5	0	51
392.6	0	52
402.8	0	53
413.1	0	54
423.5	0	55
434	0	56
444.6	0	57
455.3	0	58
466.1	0	59
477	0	60
488	0	61
499.1	0	62
510.3	0	63
521.6	0	64
533	0	65
544.5	0	66
556.1	0	67
567.8	0	68
579.6	0	69
591.5	0	70
603.5	0	71
615.6	0	72
627.8	0	73
640.1	0	74
652.5	0	75
665	0	76
677.6	0	77
690.3	0	78
703.1	0	79
716	0	80
729	0	81
742.1	0	82
755.3	0	83
768.6	0	84
782	0	85
795.5	0	86
809.1	0	87
822.8	0	88
836.6	0	89
850.5	0	90
864.5	0	91
878.6	0	92
892.8	0	93
907.1	0	94
921.5	0	95
936	0	96
950.6	0	97
965.3	0	98
980.1	0	99
995	0	100
1010	0	101
1025.1	0	102
1040.3	0	103
1055.6	0	104
1071	0	105
1086.5	0	106
1102.1	0	107
1117.8	0	108
1133.6	0	109
1149.5	0	110
1165.5	0	111
1181.6	0	112
1197.8	0	113
1214.1	0	114
1230.5	0	115
1247	0	116
1263.6	0	117
1280.3	0	118
1297.1	0	119
1314	0	120
1331	0	121
1348.1	0	122
1365.3	0	123
1382.6	0	124
1400	0	125
1417.5	0	126
1435.1	0	127
1452.8	0	128
1470.6	0	129
1488.5	0	130
1506.5	0	131
1524.6	0	132
1542.8	0	133
1561.1	0	134
1579.5	0	135
1598	0	136
1616.6	0	137
1635.3	0	138
1654.1	0	139
1673	0	140
1692	0	141
1711.1	0	142
1730.3	0	143
1749.6	0	144
1769	0	145
1788.5	0	146
1808.1	0	147
1827.8	0	148
1847.6	0	149
1867.5	0	150
1887.5	0	151
1907.6	0	152
1927.8	0	153
1948.1	0	154
1968.5	0	155
1989	0	156
2009.6	0	157
2030.3	0	158
2051.1	0	159
2072	0	160
2093	0	161
2114.1	0	162
2135.3	0	163
2156.6	0	164
2178	0	165
2199.5	0	166
2221.1	0	167
2242.8	0	168
2264.6	0	169
2286.5	0	170
2308.5	0	171
2330.6	0	172
2352.8	0	173
2375.1	0	174
2397.5	0	175
2420	0	176
2442.6	0	177
2465.3	0	178
2488.1	0	179
2511	0	180
2534	0	181
2557.1	0	182
2580.3	0	183
2603.6	0	184
2627	0	185
2650.5	0	186
2674.1	0	187
2697.8	0	188
2721.6	0	189
2745.5	0	190
2769.5	0	191
2793.6	0	192
2817.8	0	193
2842.1	0	194
2866.5	0	195
2891	0	196
2915.6	0	197
2940.3	0	198
2965.1	0	199
2990	0	200
3015	0	201
3040.1	0	202
3065.3	0	203
3090.6	0	204
3116	0	205
3141.5	0	206
3167.1	0	207
3192.8	0	208
3218.6	0	209
3244.5	0	210
3270.5	0	211
3296.6	0	212
3322.8	0	213
3349.1	0	214
3375.5	0	215
3402	0	216
3428.6	0	217
3455.3	0	218
3482.1	0	219
3509	0	220
3536	0	221
3563.1	0	222
3590.3	0	223
3617.6	0	224
3645	0	225
3672.5	0	226
3700.1	0	227
3727.8	0	228
3755.6	0	229
3783.5	0	230
3811.5	0	231
3839.6	0	232
3867.8	0	233
3896.1	0	234
3924.5	0	235
3953	0	236
3981.6	0	237
4010.3	0	238
4039.1	0	239
4068	0	240
4097	0	241
4126.1	0	242
4155.3	0	243
4184.6	0	244
4214	0	245
4243.5	0	246
4273.1	0	247
4302.8	0	248
4332.6	0	249
4362.5	0	250
4392.5	0	251
4422.6	0	252
4452.8	0	253
4483.1	0	254
4513.5	0	255
4544	0	256
4574.6	0	257
4605.3	0	258
4636.1	0	259
4667	0	260
4698	0	261
4729.1	0	262
4760.3	0	263
4791.6	0	264
4823	0	265
4854.5	0	266
4886.1	0	267
4917.8	0	268
4949.6	0	269
4981.5	0	270
5013.5	0	271
5045.6	0	272
5077.8	0	273
5110.1	0	274
5142.5	0	275
5175	0	276
5207.6	0	277
5240.3	0	278
5273.1	0	279
5306	0	280
5339	0	281
5372.1	0	282
5405.3	0	283
5438.6	0	284
5472	0	285
5505.5	0	286
5539.1	0	287
5572.8	0	288
5606.6	0	289
5640.5	0	290
5674.5	0	291
5708.6	0	292
5742.8	0	293
5777.1	0	294
5811.5	0	295
5846	0	296
5880.6	0	297
5915.3	0	298
5950.1	0	299
5985	0	300
6020	0	301
6055.1	0	302
6090.3	0	303
6125.6	0	304
6161	0	305
6196.5	0	306
6232.1	0	307
6267.8	0	308
6303.6	0	309
6339.5	0	310
6375.5	0	311
6411.6	0	312
6447.8	0	313
6484.1	0	314
6520.5	0	315
6557	0	316
6593.6	0	317
6630.3	0	318
6667.1	0	319
6704	0	320
6741	0	321
6778.1	0	322
6815.3	0	323
6852.6	0	324
6890	0	325
6927.5	0	326
6965.1	0	327
7002.8	0	328
7040.6	0	329
7078.5	0	330
7116.5	0	331
7154.6	0	332
7192.8	0	333
7231.1	0	334
7269.5	0	335
7308	0	336
7346.6	0	337
7385.3	0	338
7424.1	0	339
7463	0	340
7502	0	341
7541.1	0	342
7580.3	0	343
7619.6	0	344
7659	0	345
7698.5	0	346
7738.1	0	347
7777.8	0	348
7817.6	0	349
7857.5	0	350
7897.5	0	351
7937.6	0	352
7977.8	0	353
8018.1	0	354
8058.5	0	355
8099	0	356
8139.6	0	357
8180.3	0	358
8221.1	0	359
8262	0	360
8303	0	361
8344.1	0	362
8385.3	0	363
8426.6	0	364
8468	0	365
8509.5	0	366
8551.1	0	367
8592.8	0	368
8634.6	0	369
8676.5	0	370
8718.5	0	371
8760.6	0	372
8802.8	0	373
8845.1	0	374
8887.5	0	375
8930	0	376
8972.6	0	377
9015.3	0	378
9058.1	0	379
9101	0	380
9144	0	381
9187.1	0	382
9230.3	0	383
9273.6	0	384
9317	0	385
9360.5	0	386
9404.1	0	387
9447.8	0	388
9491.6	0	389
9535.5	0	390
9579.5	0	391
9623.6	0	392
9667.8	0	393
9712.1	0	394
9756.5	0	395
9801	0	396
9845.6	0	397
9890.3	0	398
9935.1	0	399
9980	0	400
10025	0	401
10070.1	0	402
10115.3	0	403
10160.6	0	404
10206	0	405
10251.5	0	406
10297.1	0	407
10342.8	0	408
10388.6	0	409
10434.5	0	410
10480.5	0	411
10526.6	0	412
10572.8	0	413
10619.1	0	414
10665.5	0	415
10712	0	416
10758.6	0	417
10805.3	0	418
10852.1	0	419
10899	0	420
10946	0	421
10993.1	0	422
11040.3	0	423
11087.6	0	424
11135	0	425
11182.5	0	426
11230.1	0	427
11277.8	0	428
11325.6	0	429
11373.5	0	430
11421.5	0	431
11469.6	0	432
11517.8	0	433
11566.1	0	434
11614.5	0	435
11663	0	436
11711.6	0	437
11760.3	0	438
11809.1	0	439
11858	0	440
11907	0	441
11956.1	0	442
12005.3	0	443
12054.6	0	444
12104	0	445
12153.5	0	446
12203.1	0	447
12252.8	0	448
12302.6	0	449
12352.5	0	450
12402.5	0	451
12452.6	0	452
12502.8	0	453
12553.1	0	454
12603.5	0	455
12654	0	456
12704.6	0	457
12755.3	0	458
12806.1	0	459
12857	0	460
12908	0	461
12959.1	0	462
13010.3	0	463
13061.6	0	464
13113	0	465
13164.5	0	466
13216.1	0	467
13267.8	0	468
13319.6	0	469
13371.5	0	470
13423.5	0	471
13475.6	0	472
13527.8	0	473
13580.1	0	474
13632.5	0	475
13685	0	476
13737.6	0	477
13790.3	0	478
13843.1	0	479
13896	0	480
13949	0	481
14002.1	0	482
14055.3	0	483
14108.6	0	484
14162	0	485
14215.5	0	486
14269.1	0	487
14322.8	0	488
14376.6	0	489
14430.5	0	490
14484.5	0	491
14538.6	0	492
14592.8	0	493
14647.1	0	494
14701.5	0	495
14756	0	496
14810.6	0	497
14865.3	0	498
14920.1	0	499
14975	0	500
15030	0	501
15085.1	0	502
15140.3	0	503
15195.6	0	504
15251	0	505
15306.5	0	506
15362.1	0	507
15417.8	0	508
15473.6	0	509
15529.5	0	510
15585.5	0	511
15641.6	0	512
15697.8	0	513
15754.1	0	514
15810.5	0	515
15867	0	516
15923.6	0	517
15980.3	0	518
16037.1	0	519
16094	0	520
16151	0	521
16208.1	0	522
16265.3	0	523
16322.6	0	524
16380	0	525
16437.5	0	526
16495.1	0	527
16552.8	0	528
16610.6	0	529
16668.5	0	530
16726.5	0	531
16784.6	0	532
16842.8	0	533
16901.1	0	534
16959.5	0	535
17018	0	536
17076.6	0	537
17135.3	0	538
17194.1	0	539
17253	0	540
17312	0	541
17371.1	0	542
17430.3	0	543
17489.6	0	544
17549	0	545
17608.5	0	546
17668.1	0	547
17727.8	0	548
17787.6	0	549
17847.5	0	550
17907.5	0	551
17967.6	0	552
18027.8	0	553
18088.1	0	554
18148.5	0	555
18209	0	556
18269.6	0	557
18330.3	0	558
18391.1	0	559
18452	0	560
18513	0	561
18574.1	0	562
18635.3	0	563
18696.6	0	564
18758	0	565
18819.5	0	566
18881.1	0	567
18942.8	0	568
19004.6	0	569
19066.5	0	570
19128.5	0	571
19190.6	0	572
19252.8	0	573
19315.1	0	574
19377.5	0	575
19440	0	576
19502.6	0	577
19565.3	0	578
19628.1	0	579
19691	0	580
19754	0	581
19817.1	0	582
19880.3	0	583
19943.6	0	584
20007	0	585
20070.5	0	586
20134.1	0	587
20197.8	0	588
20261.6	0	589
20325.5	0	590
20389.5	0	591
20453.6	0	592
20517.8	0	593
20582.1	0	594
20646.5	0	595
20711	0	596
20775.6	0	597
20840.3	0	598
20905.1	0	599
20970	0	600
21035	0	601
21100.1	0	602
21165.3	0	603
21230.6	0	604
21296	0	605
21361.5	0	606
21427.1	0	607
21492.8	0	608
21558.6	0	609
21624.5	0	610
21690.5	0	611
21756.6	0	612
21822.8	0	613
21889.1	0	614
21955.5	0	615
22022	0	616
22088.6	0	617
22155.3	0	618
22222.1	0	619
22289	0	620
22356	0	621
22423.1	0	622
22490.3	0	623
22557.6	0	624
22625	0	625
22692.5	0	626
22760.1	0	627
22827.8	0	628
22895.6	0	629
22963.5	0	630
23031.5	0	631
23099.6	0	632
23167.8	0	633
23236.1	0	634
23304.5	0	635
23373	0	636
23441.6	0	637
23510.3	0	638
23579.1	0	639
23648	0	640
23717	0	641
23786.1	0	642
23855.3	0	643
23924.6	0	644
23994	0	645
24063.5	0	646
24133.1	0	647
24202.8	0	648
24272.6	0	649
24342.5	0	650
24412.5	0	651
24482.6	0	652
24552.8	0	653
24623.1	0	654
24693.5	0	655
24764	0	656
24834.6	0	657
24905.3	0	658
24976.1	0	659
25047	0	660
25118	0	661
25189.1	0	662
25260.3	0	663
25331.6	0	664
25403	0	665
25474.5	0	666
25546.1	0	667
25617.8	0	668
25689.6	0	669
25761.5	0	670
25833.5	0	671
25905.6	0	672
25977.8	0	673
26050.1	0	674
26122.5	0	675
26195	0	676
26267.6	0	677
26340.3	0	678
26413.1	0	679
26486	0	680
26559	0	681
26632.1	0	682
26705.3	0	683
26778.6	0	684
26852	0	685
26925.5	0	686
26999.1	0	687
27072.8	0	688
27146.6	0	689
27220.5	0	690
27294.5	0	691
27368.6	0	692
27442.8	0	693
27517.1	0	694
27591.5	0	695
27666	0	696
27740.6	0	697
27815.3	0	698
27890.1	0	699
27965	0	700
28040	0	701
28115.1	0	702
28190.3	0	703
28265.6	0	704
28341	0	705
28416.5	0	706
28492.1	0	707
28567.8	0	708
28643.6	0	709
28719.5	0	710
28795.5	0	711
28871.6	0	712
28947.8	0	713
29024.1	0	714
29100.5	0	715
29177	0	716
29253.6	0	717
29330.3	0	718
29407.1	0	719
29484	0	720
29561	0	721
29638.1	0	722
29715.3	0	723
29792.6	0	724
29870	0	725
29947.5	0	726
30025.1	0	727
30102.8	0	728
30180.6	0	729
30258.5	0	730
30336.5	0	731
30414.6	0	732
30492.8	0	733
30571.1	0	734
30649.5	0	735
30728	0	736
30806.6	0	737
30885.3	0	738
30964.1	0	739
31043	0	740
31122	0	741
31201.1	0	742
31280.3	0	743
31359.6	0	744
31439	0	745
31518.5	0	746
31598.1	0	747
31677.8	0	748
31757.6	0	749
31837.5	0	750
31917.5	0	751
31997.6	0	752
32077.8	0	753
32158.1	0	754
32238.5	0	755
32319	0	756
32399.6	0	757
32480.3	0	758
32561.1	0	759
32642	0	760
32723	0	761
32804.1	0	762
32885.3	0	763
32966.6	0	764
33048	0	765
33129.5	0	766
33211.1	0	767
33292.8	0	768
33374.6	0	769
33456.5	0	770
33538.5	0	771
33620.6	0	772
33702.8	0	773
33785.1	0	774
33867.5	0	775
33950	0	776
34032.6	0	777
34115.3	0	778
34198.1	0	779
34281	0	780
34364	0	781
34447.1	0	782
34530.3	0	783
34613.6	0	784
34697	0	785
34780.5	0	786
34864.1	0	787
34947.8	0	788
35031.6	0	789
35115.5	0	790
35199.5	0	791
35283.6	0	792
35367.8	0	793
35452.1	0	794
35536.5	0	795
35621	0	796
35705.6	0	797
35790.3	0	798
35875.1	0	799
35960	0	800
36045	0	801
36130.1	0	802
36215.3	0	803
36300.6	0	804
36386	0	805
36471.5	0	806
36557.1	0	807
36642.8	0	808
36728.6	0	809
36814.5	0	810
36900.5	0	811
36986.6	0	812
37072.8	0	813
37159.1	0	814
37245.5	0	815
37332	0	816
37418.6	0	817
37505.3	0	818
37592.1	0	819
37679	0	820
37766	0	821
37853.1	0	822
37940.3	0	823
38027.6	0	824
38115	0	825
38202.5	0	826
38290.1	0	827
38377.8	0	828
38465.6	0	829
38553.5	0	830
38641.5	0	831
38729.6	0	832
38817.8	0	833
38906.1	0	834
38994.5	0	835
39083	0	836
39171.6	0	837
39260.3	0	838
39349.1	0	839
39438	0	840
39527	0	841
39616.1	0	842
39705.3	0	843
39794.6	0	844
39884	0	845
39973.5	0	846
40063.1	0	847
40152.8	0	848
40242.6	0	849
40332.5	0	850
40422.5	0	851
40512.6	0	852
40602.8	0	853
40693.1	0	854
40783.5	0	855
40874	0	856
40964.6	0	857
41055.3	0	858
41146.1	0	859
41237	0	860
41328	0	861
41419.1	0	862
41510.3	0	863
41601.6	0	864
41693	0	865
41784.5	0	866
41876.1	0	867
41967.8	0	868
42059.6	0	869
42151.5	0	870
42243.5	0	871
42335.6	0	872
42427.8	0	873
42520.1	0	874
42612.5	0	875
42705	0	876
42797.6	0	877
42890.3	0	878
42983.1	0	879
43076	0	880
43169	0	881
43262.1	0	882
43355.3	0	883
43448.6	0	884
43542	0	885
43635.5	0	886
43729.1	0	887
43822.8	0	888
43916.6	0	889
44010.5	0	890
44104.5	0	891
44198.6	0	892
44292.8	0	893
44387.1	0	894
44481.5	0	895
44576	0	896
44670.6	0	897
44765.3	0	898
44860.1	0	899
44955	0	900
45050	0	901
45145.1	0	902
45240.3	0	903
45335.6	0	904
45431	0	905
45526.5	0	906
45622.1	0	907
45717.8	0	908
45813.6	0	909
45909.5	0	910
46005.5	0	911
46101.6	0	912
46197.8	0	913
46294.1	0	914
46390.5	0	915
46487	0	916
46583.6	0	917
46680.3	0	918
46777.1	0	919
46874	0	920
46971	0	921
47068.1	0	922
47165.3	0	923
47262.6	0	924
47360	0	925
47457.5	0	926
47555.1	0	927
47652.8	0	928
47750.6	0	929
47848.5	0	930
47946.5	0	931
48044.6	0	932
48142.8	0	933
48241.1	0	934
48339.5	0	935
48438	0	936
48536.6	0	937
48635.3	0	938
48734.1	0	939
48833	0	940
48932	0	941
49031.1	0	942
49130.3	0	943
49229.6	0	944
49329	0	945
49428.5	0	946
49528.1	0	947
49627.8	0	948
49727.6	0	949
49827.5	0	950
49927.5	0	951
0	100	952
5	100	953
10.1	100	954
15.3	100	955
20.6	100	956
26	100	957
31.5	100	958
37.1	100	959
42.8	100	960
48.6	100	961
54.5	100	962
60.5	100	963
66.6	100	964
72.8	100	965
79.1	100	966
85.5	100	967
92	100	968
98.6	100	969
105.3	100	970
112.1	100	971
119	100	972
126	100	973
133.1	100	974
140.3	100	975
147.6	100	976
155	100	977
162.5	100	978
170.1	100	979
177.8	100	980
185.6	100	981
193.5	100	982
201.5	100	983
209.6	100	984
217.8	100	985
226.1	100	986
234.5	100	987
243	100	988
251.6	100	989
260.3	100	990
269.1	100	991
278	100	992
287	100	993
296.1	100	994
305.3	100	995
314.6	100	996
324	100	997
333.5	100	998
343.1	100	999
352.8	100	1000
362.6	100	1001
372.5	100	1002
382.5	100	1003
392.6	100	1004
402.8	100	1005
413.1	100	1006
423.5	100	1007
434	100	1008
444.6	100	1009
455.3	100	1010
466.1	100	1011
477	100	1012
488	100	1013
499.1	100	1014
510.3	100	1015
521.6	100	1016
533	100	1017
544.5	100	1018
556.1	100	1019
567.8	100	1020
579.6	100	1021
591.5	100	1022
603.5	100	1023
615.6	100	1024
627.8	100	1025
640.1	100	1026
652.5	100	1027
665	100	1028
677.6	100	1029
690.3	100	1030
703.1	100	1031
716	100	1032
729	100	1033
742.1	100	1034
755.3	100	1035
768.6	100	1036
782	100	1037
795.5	100	1038
809.1	100	1039
822.8	100	1040
836.6	100	1041
850.5	100	1042
864.5	100	1043
878.6	100	1044
892.8	100	1045
907.1	100	1046
921.5	100	1047
936	100	1048
950.6	100	1049
965.3	100	1050
980.1	100	1051
995	100	1052
1010	100	1053
1025.1	100	1054
1040.3	100	1055
1055.6	100	1056
1071	100	1057
1086.5	100	1058
1102.1	100	1059
1117.8	100	1060
1133.6	100	1061
1149.5	100	1062
1165.5	100	1063
1181.6	100	1064
1197.8	100	1065
1214.1	100	1066
1230.5	100	1067
1247	100	1068
1263.6	100	1069
1280.3	100	1070
1297.1	100	1071
1314	100	1072
1331	100	1073
1348.1	100	1074
1365.3	100	1075
1382.6	100	1076
1400	100	1077
1417.5	100	1078
1435.1	100	1079
1452.8	100	1080
1470.6	100	1081
1488.5	100	1082
1506.5	100	1083
1524.6	100	1084
1542.8	100	1085
1561.1	100	1086
1579.5	100	1087
1598	100	1088
1616.6	100	1089
1635.3	100	1090
1654.1	100	1091
1673	100	1092
1692	100	1093
1711.1	100	1094
1730.3	100	1095
1749.6	100	1096
1769	100	1097
1788.5	100	1098
1808.1	100	1099
1827.8	100	1100
1847.6	100	1101
1867.5	100	1102
1887.5	100	1103
1907.6	100	1104
1927.8	100	1105
1948.1	100	1106
1968.5	100	1107
1989	100	1108
2009.6	100	1109
2030.3	100	1110
2051.1	100	1111
2072	100	1112
2093	100	1113
2114.1	100	1114
2135.3	100	1115
2156.6	100	1116
2178	100	1117
2199.5	100	1118
2221.1	100	1119
2242.8	100	1120
2264.6	100	1121
2286.5	100	1122
2308.5	100	1123
2330.6	100	1124
2352.8	100	1125
2375.1	100	1126
2397.5	100	1127
2420	100	1128
2442.6	100	1129
2465.3	100	1130
2488.1	100	1131
2511	100	1132
2534	100	1133
2557.1	100	1134
2580.3	100	1135
2603.6	100	1136
2627	100	1137
2650.5	100	1138
2674.1	100	1139
2697.8	100	1140
2721.6	100	1141
2745.5	100	1142
2769.5	100	1143
2793.6	100	1144
2817.8	100	1145
2842.1	100	1146
2866.5	100	1147
2891	100	1148
2915.6	100	1149
2940.3	100	1150
2965.1	100	1151
2990	100	1152
3015	100	1153
3040.1	100	1154
3065.3	100	1155
3090.6	100	1156
3116	100	1157
3141.5	100	1158
3167.1	100	1159
3192.8	100	1160
3218.6	100	1161
3244.5	100	1162
3270.5	100	1163
3296.6	100	1164
3322.8	100	1165
3349.1	100	1166
3375.5	100	1167
3402	100	1168
3428.6	100	1169
3455.3	100	1170
3482.1	100	1171
3509	100	1172
3536	100	1173
3563.1	100	1174
3590.3	100	1175
3617.6	100	1176
3645	100	1177
3672.5	100	1178
3700.1	100	1179
3727.8	100	1180
3755.6	100	1181
3783.5	100	1182
3811.5	100	1183
3839.6	100	1184
3867.8	100	1185
3896.1	100	1186
3924.5	100	1187
3953	100	1188
3981.6	100	1189
4010.3	100	1190
4039.1	100	1191
4068	100	1192
4097	100	1193
4126.1	100	1194
4155.3	100	1195
4184.6	100	1196
4214	100	1197
4243.5	100	1198
4273.1	100	1199
4302.8	100	1200
4332.6	100	1201
4362.5	100	1202
4392.5	100	1203
4422.6	100	1204
4452.8	100	1205
4483.1	100	1206
4513.5	100	1207
4544	100	1208
4574.6	100	1209
4605.3	100	1210
4636.1	100	1211
4667	100	1212
4698	100	1213
4729.1	100	1214
4760.3	100	1215
4791.6	100	1216
4823	100	1217
4854.5	100	1218
4886.1	100	1219
4917.8	100	1220
4949.6	100	1221
4981.5	100	1222
5013.5	100	1223
5045.6	100	1224
5077.8	100	1225
5110.1	100	1226
5142.5	100	1227
5175	100	1228
5207.6	100	1229
5240.3	100	1230
5273.1	100	1231
5306	100	1232
5339	100	1233
5372.1	100	1234
5405.3	100	1235
5438.6	100	1236
5472	100	1237
5505.5	100	1238
5539.1	100	1239
5572.8	100	1240
5606.6	100	1241
5640.5	100	1242
5674.5	100	1243
5708.6	100	1244
5742.8	100	1245
5777.1	100	1246
5811.5	100	1247
5846	100	1248
5880.6	100	1249
5915.3	100	1250
5950.1	100	1251
5985	100	1252
6020	100	1253
6055.1	100	1254
6090.3	100	1255
6125.6	100	1256
6161	100	1257
6196.5	100	1258
6232.1	100	1259
6267.8	100	1260
6303.6	100	1261
6339.5	100	1262
6375.5	100	1263
6411.6	100	1264
6447.8	100	1265
6484.1	100	1266
6520.5	100	1267
6557	100	1268
6593.6	100	1269
6630.3	100	1270
6667.1	100	1271
6704	100	1272
6741	100	1273
6778.1	100	1274
6815.3	100	1275
6852.6	100	1276
6890	100	1277
6927.5	100	1278
6965.1	100	1279
7002.8	100	1280
7040.6	100	1281
7078.5	100	1282
7116.5	100	1283
7154.6	100	1284
7192.8	100	1285
7231.1	100	1286
7269.5	100	1287
7308	100	1288
7346.6	100	1289
7385.3	100	1290
7424.1	100	1291
7463	100	1292
7502	100	1293
7541.1	100	1294
7580.3	100	1295
7619.6	100	1296
7659	100	1297
7698.5	100	1298
7738.1	100	1299
7777.8	100	1300
7817.6	100	1301
7857.5	100	1302
7897.5	100	1303
7937.6	100	1304
7977.8	100	1305
8018.1	100	1306
8058.5	100	1307
8099	100	1308
8139.6	100	1309
8180.3	100	1310
8221.1	100	1311
8262	100	1312
8303	100	1313
8344.1	100	1314
8385.3	100	1315
8426.6	100	1316
8468	100	1317
8509.5	100	1318
8551.1	100	1319
8592.8	100	1320
8634.6	100	1321
8676.5	100	1322
8718.5	100	1323
8760.6	100	1324
8802.8	100	1325
8845.1	100	1326
8887.5	100	1327
8930	100	1328
8972.6	100	1329
9015.3	100	1330
9058.1	100	1331
9101	100	1332
9144	100	1333
9187.1	100	1334
9230.3	100	1335
9273.6	100	1336
9317	100	1337
9360.5	100	1338
9404.1	100	1339
9447.8	100	1340
9491.6	100	1341
9535.5	100	1342
9579.5	100	1343
9623.6	100	1344
9667.8	100	1345
9712.1	100	1346
9756.5	100	1347
9801	100	1348
9845.6	100	1349
9890.3	100	1350
9935.1	100	1351
9980	100	1352
10025	100	1353
10070.1	100	1354
10115.3	100	1355
10160.6	100	1356
10206	100	1357
10251.5	100	1358
10297.1	100	1359
10342.8	100	1360
10388.6	100	1361
10434.5	100	1362
10480.5	100	1363
10526.6	100	1364
10572.8	100	1365
10619.1	100	1366
10665.5	100	1367
10712	100	1368
10758.6	100	1369
10805.3	100	1370
10852.1	100	1371
10899	100	1372
10946	100	1373
10993.1	100	1374
11040.3	100	1375
11087.6	100	1376
11135	100	1377
11182.5	100	1378
11230.1	100	1379
11277.8	100	1380
11325.6	100	1381
11373.5	100	1382
11421.5	100	1383
11469.6	100	1384
11517.8	100	1385
11566.1	100	1386
11614.5	100	1387
11663	100	1388
11711.6	100	1389
11760.3	100	1390
11809.1	100	1391
11858	100	1392
11907	100	1393
11956.1	100	1394
12005.3	100	1395
12054.6	100	1396
12104	100	1397
12153.5	100	1398
12203.1	100	1399
12252.8	100	1400
12302.6	100	1401
12352.5	100	1402
12402.5	100	1403
12452.6	100	1404
12502.8	100	1405
12553.1	100	1406
12603.5	100	1407
12654	100	1408
12704.6	100	1409
12755.3	100	1410
12806.1	100	1411
12857	100	1412
12908	100	1413
12959.1	100	1414
13010.3	100	1415
13061.6	100	1416
13113	100	1417
13164.5	100	1418
13216.1	100	1419
13267.8	100	1420
13319.6	100	1421
13371.5	100	1422
13423.5	100	1423
13475.6	100	1424
13527.8	100	1425
13580.1	100	1426
13632.5	100	1427
13685	100	1428
13737.6	100	1429
13790.3	100	1430
13843.1	100	1431
13896	100	1432
13949	100	1433
14002.1	100	1434
14055.3	100	1435
14108.6	100	1436
14162	100	1437
14215.5	100	1438
14269.1	100	1439
14322.8	100	1440
14376.6	100	1441
14430.5	100	1442
14484.5	100	1443
14538.6	100	1444
14592.8	100	1445
14647.1	100	1446
14701.5	100	1447
14756	100	1448
14810.6	100	1449
14865.3	100	1450
14920.1	100	1451
14975	100	1452
15030	100	1453
15085.1	100	1454
15140.3	100	1455
15195.6	100	1456
15251	100	1457
15306.5	100	1458
15362.1	100	1459
15417.8	100	1460
15473.6	100	1461
15529.5	100	1462
15585.5	100	1463
15641.6	100	1464
15697.8	100	1465
15754.1	100	1466
15810.5	100	1467
15867	100	1468
15923.6	100	1469
15980.3	100	1470
16037.1	100	1471
16094	100	1472
16151	100	1473
16208.1	100	1474
16265.3	100	1475
16322.6	100	1476
16380	100	1477
16437.5	100	1478
16495.1	100	1479
16552.8	100	1480
16610.6	100	1481
16668.5	100	1482
16726.5	100	1483
16784.6	100	1484
16842.8	100	1485
16901.1	100	1486
16959.5	100	1487
17018	100	1488
17076.6	100	1489
17135.3	100	1490
17194.1	100	1491
17253	100	1492
17312	100	1493
17371.1	100	1494
17430.3	100	1495
17489.6	100	1496
17549	100	1497
17608.5	100	1498
17668.1	100	1499
17727.8	100	1500
17787.6	100	1501
17847.5	100	1502
17907.5	100	1503
17967.6	100	1504
18027.8	100	1505
18088.1	100	1506
18148.5	100	1507
18209	100	1508
18269.6	100	1509
18330.3	100	1510
18391.1	100	1511
18452	100	1512
18513	100	1513
18574.1	100	1514
18635.3	100	1515
18696.6	100	1516
18758	100	1517
18819.5	100	1518
18881.1	100	1519
18942.8	100	1520
19004.6	100	1521
19066.5	100	1522
19128.5	100	1523
19190.6	100	1524
19252.8	100	1525
19315.1	100	1526
19377.5	100	1527
19440	100	1528
19502.6	100	1529
19565.3	100	1530
19628.1	100	1531
19691	100	1532
19754	100	1533
19817.1	100	1534
19880.3	100	1535
19943.6	100	1536
20007	100	1537
20070.5	100	1538
20134.1	100	1539
20197.8	100	1540
20261.6	100	1541
20325.5	100	1542
20389.5	100	1543
20453.6	100	1544
20517.8	100	1545
20582.1	100	1546
20646.5	100	1547
20711	100	1548
20775.6	100	1549
20840.3	100	1550
20905.1	100	1551
20970	100	1552
21035	100	1553
21100.1	100	1554
21165.3	100	1555
21230.6	100	1556
21296	100	1557
21361.5	100	1558
21427.1	100	1559
21492.8	100	1560
21558.6	100	1561
21624.5	100	1562
21690.5	100	1563
21756.6	100	1564
21822.8	100	1565
21889.1	100	1566
21955.5	100	1567
22022	100	1568
22088.6	100	1569
22155.3	100	1570
22222.1	100	1571
22289	100	1572
22356	100	1573
22423.1	100	1574
22490.3	100	1575
22557.6	100	1576
22625	100	1577
22692.5	100	1578
22760.1	100	1579
22827.8	100	1580
22895.6	100	1581
22963.5	100	1582
23031.5	100	1583
23099.6	100	1584
23167.8	100	1585
23236.1	100	1586
23304.5	100	1587
23373	100	1588
23441.6	100	1589
23510.3	100	1590
23579.1	100	1591
23648	100	1592
23717	100	1593
23786.1	100	1594
23855.3	100	1595
23924.6	100	1596
23994	100	1597
24063.5	100	1598
24133.1	100	1599
24202.8	100	1600
24272.6	100	1601
24342.5	100	1602
24412.5	100	1603
24482.6	100	1604
24552.8	100	1605
24623.1	100	1606
24693.5	100	1607
24764	100	1608
24834.6	100	1609
24905.3	100	1610
24976.1	100	1611
25047	100	1612
25118	100	1613
25189.1	100	1614
25260.3	100	1615
25331.6	100	1616
25403	100	1617
25474.5	100	1618
25546.1	100	1619
25617.8	100	1620
25689.6	100	1621
25761.5	100	1622
25833.5	100	1623
25905.6	100	1624
25977.8	100	1625
26050.1	100	1626
26122.5	100	1627
26195	100	1628
26267.6	100	1629
26340.3	100	1630
26413.1	100	1631
26486	100	1632
26559	100	1633
26632.1	100	1634
26705.3	100	1635
26778.6	100	1636
26852	100	1637
26925.5	100	1638
26999.1	100	1639
27072.8	100	1640
27146.6	100	1641
27220.5	100	1642
27294.5	100	1643
27368.6	100	1644
27442.8	100	1645
27517.1	100	1646
27591.5	100	1647
27666	100	1648
27740.6	100	1649
27815.3	100	1650
27890.1	100	1651
27965	100	1652
28040	100	1653
28115.1	100	1654
28190.3	100	1655
28265.6	100	1656
28341	100	1657
28416.5	100	1658
28492.1	100	1659
28567.8	100	1660
28643.6	100	1661
28719.5	100	1662
28795.5	100	1663
28871.6	100	1664
28947.8	100	1665
29024.1	100	1666
29100.5	100	1667
29177	100	1668
29253.6	100	1669
29330.3	100	1670
29407.1	100	1671
29484	100	1672
29561	100	1673
29638.1	100	1674
29715.3	100	1675
29792.6	100	1676
29870	100	1677
29947.5	100	1678
30025.1	100	1679
30102.8	100	1680
30180.6	100	1681
30258.5	100	1682
30336.5	100	1683
30414.6	100	1684
30492.8	100	1685
30571.1	100	1686
30649.5	100	1687
30728	100	1688
30806.6	100	1689
30885.3	100	1690
30964.1	100	1691
31043	100	1692
31122	100	1693
31201.1	100	1694
31280.3	100	1695
31359.6	100	1696
31439	100	1697
31518.5	100	1698
31598.1	100	1699
31677.8	100	1700
31757.6	100	1701
31837.5	100	1702
31917.5	100	1703
31997.6	100	1704
32077.8	100	1705
32158.1	100	1706
32238.5	100	1707
32319	100	1708
32399.6	100	1709
32480.3	100	1710
32561.1	100	1711
32642	100	1712
32723	100	1713
32804.1	100	1714
32885.3	100	1715
32966.6	100	1716
33048	100	1717
33129.5	100	1718
33211.1	100	1719
33292.8	100	1720
33374.6	100	1721
33456.5	100	1722
33538.5	100	1723
33620.6	100	1724
33702.8	100	1725
33785.1	100	1726
33867.5	100	1727
33950	100	1728
34032.6	100	1729
34115.3	100	1730
34198.1	100	1731
34281	100	1732
34364	100	1733
34447.1	100	1734
34530.3	100	1735
34613.6	100	1736
34697	100	1737
34780.5	100	1738
34864.1	100	1739
34947.8	100	1740
35031.6	100	1741
35115.5	100	1742
35199.5	100	1743
35283.6	100	1744
35367.8	100	1745
35452.1	100	1746
35536.5	100	1747
35621	100	1748
35705.6	100	1749
35790.3	100	1750
35875.1	100	1751
35960	100	1752
36045	100	1753
36130.1	100	1754
36215.3	100	1755
36300.6	100	1756
36386	100	1757
36471.5	100	1758
36557.1	100	1759
36642.8	100	1760
36728.6	100	1761
36814.5	100	1762
36900.5	100	1763
36986.6	100	1764
37072.8	100	1765
37159.1	100	1766
37245.5	100	1767
37332	100	1768
37418.6	100	1769
37505.3	100	1770
37592.1	100	1771
37679	100	1772
37766	100	1773
37853.1	100	1774
37940.3	100	1775
38027.6	100	1776
38115	100	1777
38202.5	100	1778
38290.1	100	1779
38377.8	100	1780
38465.6	100	1781
38553.5	100	1782
38641.5	100	1783
38729.6	100	1784
38817.8	100	1785
38906.1	100	1786
38994.5	100	1787
39083	100	1788
39171.6	100	1789
39260.3	100	1790
39349.1	100	1791
39438	100	1792
39527	100	1793
39616.1	100	1794
39705.3	100	1795
39794.6	100	1796
39884	100	1797
39973.5	100	1798
40063.1	100	1799
40152.8	100	1800
40242.6	100	1801
40332.5	100	1802
40422.5	100	1803
40512.6	100	1804
40602.8	100	1805
40693.1	100	1806
40783.5	100	1807
40874	100	1808
40964.6	100	1809
41055.3	100	1810
41146.1	100	1811
41237	100	1812
41328	100	1813
41419.1	100	1814
41510.3	100	1815
41601.6	100	1816
41693	100	1817
41784.5	100	1818
41876.1	100	1819
41967.8	100	1820
42059.6	100	1821
42151.5	100	1822
42243.5	100	1823
42335.6	100	1824
42427.8	100	1825
42520.1	100	1826
42612.5	100	1827
42705	100	1828
42797.6	100	1829
42890.3	100	1830
42983.1	100	1831
43076	100	1832
43169	100	1833
43262.1	100	1834
43355.3	100	1835
43448.6	100	1836
43542	100	1837
43635.5	100	1838
43729.1	100	1839
43822.8	100	1840
43916.6	100	1841
44010.5	100	1842
44104.5	100	1843
44198.6	100	1844
44292.8	100	1845
44387.1	100	1846
44481.5	100	1847
44576	100	1848
44670.6	100	1849
44765.3	100	1850
44860.1	100	1851
44955	100	1852
45050	100	1853
45145.1	100	1854
45240.3	100	1855
45335.6	100	1856
45431	100	1857
45526.5	100	1858
45622.1	100	1859
45717.8	100	1860
45813.6	100	1861
45909.5	100	1862
46005.5	100	1863
46101.6	100	1864
46197.8	100	1865
46294.1	100	1866
46390.5	100	1867
46487	100	1868
46583.6	100	1869
46680.3	100	1870
46777.1	100	1871
46874	100	1872
46971	100	1873
47068.1	100	1874
47165.3	100	1875
47262.6	100	1876
47360	100	1877
47457.5	100	1878
47555.1	100	1879
47652.8	100	1880
47750.6	100	1881
47848.5	100	1882
47946.5	100	1883
48044.6	100	1884
48142.8	100	1885
48241.1	100	1886
48339.5	100	1887
48438	100	1888
48536.6	100	1889
48635.3	100	1890
48734.1	100	1891
48833	100	1892
48932	100	1893
49031.1	100	1894
49130.3	100	1895
49229.6	100	1896
49329	100	1897
49428.5	100	1898
49528.1	100	1899
49627.8	100	1900
49727.6	100	1901
49827.5	100	1902
49927.5	100	1903
