2502
-160.000000 277.128129 0
160.000000 277.128129 0
480.000000 277.128129 0
800.000000 277.128129 0
1120.000000 277.128129 0
1440.000000 277.128129 0
1760.000000 277.128129 0
2080.000000 277.128129 0
2400.000000 277.128129 0
2720.000000 277.128129 0
3040.000000 277.128129 0
3360.000000 277.128129 0
3680.000000 277.128129 0
4000.000000 277.128129 0
4320.000000 277.128129 0
4640.000000 277.128129 0
4960.000000 277.128129 0
5280.000000 277.128129 0
5600.000000 277.128129 0
5920.000000 277.128129 0
6240.000000 277.128129 0
6560.000000 277.128129 0
6880.000000 277.128129 0
7200.000000 277.128129 0
7520.000000 277.128129 0
7840.000000 277.128129 0
8160.000000 277.128129 0
8480.000000 277.128129 0
8800.000000 277.128129 0
9120.000000 277.128129 0
9440.000000 277.128129 0
9760.000000 277.128129 0
10080.000000 277.128129 0
10400.000000 277.128129 0
10720.000000 277.128129 0
11040.000000 277.128129 0
11360.000000 277.128129 0
11680.000000 277.128129 0
12000.000000 277.128129 0
12320.000000 277.128129 0
12640.000000 277.128129 0
12960.000000 277.128129 0
13280.000000 277.128129 0
13600.000000 277.128129 0
13920.000000 277.128129 0
14240.000000 277.128129 0
14560.000000 277.128129 0
14880.000000 277.128129 0
15200.000000 277.128129 0
15520.000000 277.128129 0
15840.000000 277.128129 0
16160.000000 277.128129 0
16480.000000 277.128129 0
16800.000000 277.128129 0
17120.000000 277.128129 0
17440.000000 277.128129 0
17760.000000 277.128129 0
18080.000000 277.128129 0
18400.000000 277.128129 0
18720.000000 277.128129 0
19040.000000 277.128129 0
19360.000000 277.128129 0
19680.000000 277.128129 0
20000.000000 277.128129 0
20320.000000 277.128129 0
20640.000000 277.128129 0
20960.000000 277.128129 0
21280.000000 277.128129 0
21600.000000 277.128129 0
21920.000000 277.128129 0
22240.000000 277.128129 0
22560.000000 277.128129 0
22880.000000 277.128129 0
23200.000000 277.128129 0
23520.000000 277.128129 0
23840.000000 277.128129 0
24160.000000 277.128129 0
24480.000000 277.128129 0
24800.000000 277.128129 0
25120.000000 277.128129 0
25440.000000 277.128129 0
25760.000000 277.128129 0
26080.000000 277.128129 0
26400.000000 277.128129 0
26720.000000 277.128129 0
27040.000000 277.128129 0
27360.000000 277.128129 0
27680.000000 277.128129 0
28000.000000 277.128129 0
28320.000000 277.128129 0
28640.000000 277.128129 0
28960.000000 277.128129 0
29280.000000 277.128129 0
29600.000000 277.128129 0
29920.000000 277.128129 0
30240.000000 277.128129 0
30560.000000 277.128129 0
30880.000000 277.128129 0
31200.000000 277.128129 0
31520.000000 277.128129 0
31840.000000 277.128129 0
32160.000000 277.128129 0
32480.000000 277.128129 0
32800.000000 277.128129 0
33120.000000 277.128129 0
33440.000000 277.128129 0
33760.000000 277.128129 0
34080.000000 277.128129 0
34400.000000 277.128129 0
34720.000000 277.128129 0
35040.000000 277.128129 0
35360.000000 277.128129 0
35680.000000 277.128129 0
36000.000000 277.128129 0
36320.000000 277.128129 0
36640.000000 277.128129 0
36960.000000 277.128129 0
37280.000000 277.128129 0
37600.000000 277.128129 0
37920.000000 277.128129 0
38240.000000 277.128129 0
38560.000000 277.128129 0
38880.000000 277.128129 0
39200.000000 277.128129 0
39520.000000 277.128129 0
39840.000000 277.128129 0
40160.000000 277.128129 0
40480.000000 277.128129 0
40800.000000 277.128129 0
41120.000000 277.128129 0
41440.000000 277.128129 0
41760.000000 277.128129 0
42080.000000 277.128129 0
42400.000000 277.128129 0
42720.000000 277.128129 0
43040.000000 277.128129 0
43360.000000 277.128129 0
43680.000000 277.128129 0
44000.000000 277.128129 0
44320.000000 277.128129 0
44640.000000 277.128129 0
44960.000000 277.128129 0
45280.000000 277.128129 0
45600.000000 277.128129 0
45920.000000 277.128129 0
46240.000000 277.128129 0
46560.000000 277.128129 0
46880.000000 277.128129 0
47200.000000 277.128129 0
47520.000000 277.128129 0
47840.000000 277.128129 0
48160.000000 277.128129 0
48480.000000 277.128129 0
48800.000000 277.128129 0
49120.000000 277.128129 0
49440.000000 277.128129 0
49760.000000 277.128129 0
50080.000000 277.128129 0
50400.000000 277.128129 0
50720.000000 277.128129 0
51040.000000 277.128129 0
51360.000000 277.128129 0
51680.000000 277.128129 0
52000.000000 277.128129 0
52320.000000 277.128129 0
52640.000000 277.128129 0
52960.000000 277.128129 0
53280.000000 277.128129 0
53600.000000 277.128129 0
53920.000000 277.128129 0
54240.000000 277.128129 0
54560.000000 277.128129 0
54880.000000 277.128129 0
55200.000000 277.128129 0
55520.000000 277.128129 0
55840.000000 277.128129 0
56160.000000 277.128129 0
56480.000000 277.128129 0
56800.000000 277.128129 0
57120.000000 277.128129 0
57440.000000 277.128129 0
57760.000000 277.128129 0
58080.000000 277.128129 0
58400.000000 277.128129 0
58720.000000 277.128129 0
59040.000000 277.128129 0
59360.000000 277.128129 0
59680.000000 277.128129 0
60000.000000 277.128129 0
60320.000000 277.128129 0
60640.000000 277.128129 0
60960.000000 277.128129 0
61280.000000 277.128129 0
61600.000000 277.128129 0
61920.000000 277.128129 0
62240.000000 277.128129 0
62560.000000 277.128129 0
62880.000000 277.128129 0
63200.000000 277.128129 0
63520.000000 277.128129 0
63840.000000 277.128129 0
64160.000000 277.128129 0
64480.000000 277.128129 0
64800.000000 277.128129 0
65120.000000 277.128129 0
65440.000000 277.128129 0
65760.000000 277.128129 0
66080.000000 277.128129 0
66400.000000 277.128129 0
66720.000000 277.128129 0
67040.000000 277.128129 0
67360.000000 277.128129 0
67680.000000 277.128129 0
68000.000000 277.128129 0
68320.000000 277.128129 0
68640.000000 277.128129 0
68960.000000 277.128129 0
69280.000000 277.128129 0
69600.000000 277.128129 0
69920.000000 277.128129 0
70240.000000 277.128129 0
70560.000000 277.128129 0
70880.000000 277.128129 0
71200.000000 277.128129 0
71520.000000 277.128129 0
71840.000000 277.128129 0
72160.000000 277.128129 0
72480.000000 277.128129 0
72800.000000 277.128129 0
73120.000000 277.128129 0
73440.000000 277.128129 0
73760.000000 277.128129 0
74080.000000 277.128129 0
74400.000000 277.128129 0
74720.000000 277.128129 0
75040.000000 277.128129 0
75360.000000 277.128129 0
75680.000000 277.128129 0
76000.000000 277.128129 0
76320.000000 277.128129 0
76640.000000 277.128129 0
76960.000000 277.128129 0
77280.000000 277.128129 0
77600.000000 277.128129 0
77920.000000 277.128129 0
78240.000000 277.128129 0
78560.000000 277.128129 0
78880.000000 277.128129 0
79200.000000 277.128129 0
79520.000000 277.128129 0
79840.000000 277.128129 0
80160.000000 277.128129 0
80480.000000 277.128129 0
80800.000000 277.128129 0
81120.000000 277.128129 0
81440.000000 277.128129 0
81760.000000 277.128129 0
82080.000000 277.128129 0
82400.000000 277.128129 0
82720.000000 277.128129 0
83040.000000 277.128129 0
83360.000000 277.128129 0
83680.000000 277.128129 0
84000.000000 277.128129 0
84320.000000 277.128129 0
84640.000000 277.128129 0
84960.000000 277.128129 0
85280.000000 277.128129 0
85600.000000 277.128129 0
85920.000000 277.128129 0
86240.000000 277.128129 0
86560.000000 277.128129 0
86880.000000 277.128129 0
87200.000000 277.128129 0
87520.000000 277.128129 0
87840.000000 277.128129 0
88160.000000 277.128129 0
88480.000000 277.128129 0
88800.000000 277.128129 0
89120.000000 277.128129 0
89440.000000 277.128129 0
89760.000000 277.128129 0
90080.000000 277.128129 0
90400.000000 277.128129 0
90720.000000 277.128129 0
91040.000000 277.128129 0
91360.000000 277.128129 0
91680.000000 277.128129 0
92000.000000 277.128129 0
92320.000000 277.128129 0
92640.000000 277.128129 0
92960.000000 277.128129 0
93280.000000 277.128129 0
93600.000000 277.128129 0
93920.000000 277.128129 0
94240.000000 277.128129 0
94560.000000 277.128129 0
94880.000000 277.128129 0
95200.000000 277.128129 0
95520.000000 277.128129 0
95840.000000 277.128129 0
96160.000000 277.128129 0
96480.000000 277.128129 0
96800.000000 277.128129 0
97120.000000 277.128129 0
97440.000000 277.128129 0
97760.000000 277.128129 0
98080.000000 277.128129 0
98400.000000 277.128129 0
98720.000000 277.128129 0
99040.000000 277.128129 0
99360.000000 277.128129 0
99680.000000 277.128129 0
100000.000000 277.128129 0
100320.000000 277.128129 0
100640.000000 277.128129 0
100960.000000 277.128129 0
101280.000000 277.128129 0
101600.000000 277.128129 0
101920.000000 277.128129 0
102240.000000 277.128129 0
102560.000000 277.128129 0
102880.000000 277.128129 0
103200.000000 277.128129 0
103520.000000 277.128129 0
103840.000000 277.128129 0
104160.000000 277.128129 0
104480.000000 277.128129 0
104800.000000 277.128129 0
105120.000000 277.128129 0
105440.000000 277.128129 0
105760.000000 277.128129 0
106080.000000 277.128129 0
106400.000000 277.128129 0
106720.000000 277.128129 0
107040.000000 277.128129 0
107360.000000 277.128129 0
107680.000000 277.128129 0
108000.000000 277.128129 0
108320.000000 277.128129 0
108640.000000 277.128129 0
108960.000000 277.128129 0
109280.000000 277.128129 0
109600.000000 277.128129 0
109920.000000 277.128129 0
110240.000000 277.128129 0
110560.000000 277.128129 0
110880.000000 277.128129 0
111200.000000 277.128129 0
111520.000000 277.128129 0
111840.000000 277.128129 0
112160.000000 277.128129 0
112480.000000 277.128129 0
112800.000000 277.128129 0
113120.000000 277.128129 0
113440.000000 277.128129 0
113760.000000 277.128129 0
114080.000000 277.128129 0
114400.000000 277.128129 0
114720.000000 277.128129 0
115040.000000 277.128129 0
115360.000000 277.128129 0
115680.000000 277.128129 0
116000.000000 277.128129 0
116320.000000 277.128129 0
116640.000000 277.128129 0
116960.000000 277.128129 0
117280.000000 277.128129 0
117600.000000 277.128129 0
117920.000000 277.128129 0
118240.000000 277.128129 0
118560.000000 277.128129 0
118880.000000 277.128129 0
119200.000000 277.128129 0
119520.000000 277.128129 0
119840.000000 277.128129 0
120160.000000 277.128129 0
120480.000000 277.128129 0
120800.000000 277.128129 0
121120.000000 277.128129 0
121440.000000 277.128129 0
121760.000000 277.128129 0
122080.000000 277.128129 0
122400.000000 277.128129 0
122720.000000 277.128129 0
123040.000000 277.128129 0
123360.000000 277.128129 0
123680.000000 277.128129 0
124000.000000 277.128129 0
124320.000000 277.128129 0
124640.000000 277.128129 0
124960.000000 277.128129 0
125280.000000 277.128129 0
125600.000000 277.128129 0
125920.000000 277.128129 0
126240.000000 277.128129 0
126560.000000 277.128129 0
126880.000000 277.128129 0
127200.000000 277.128129 0
127520.000000 277.128129 0
127840.000000 277.128129 0
128160.000000 277.128129 0
128480.000000 277.128129 0
128800.000000 277.128129 0
129120.000000 277.128129 0
129440.000000 277.128129 0
129760.000000 277.128129 0
130080.000000 277.128129 0
130400.000000 277.128129 0
130720.000000 277.128129 0
131040.000000 277.128129 0
131360.000000 277.128129 0
131680.000000 277.128129 0
132000.000000 277.128129 0
132320.000000 277.128129 0
132640.000000 277.128129 0
132960.000000 277.128129 0
133280.000000 277.128129 0
133600.000000 277.128129 0
133920.000000 277.128129 0
134240.000000 277.128129 0
134560.000000 277.128129 0
134880.000000 277.128129 0
135200.000000 277.128129 0
135520.000000 277.128129 0
135840.000000 277.128129 0
136160.000000 277.128129 0
136480.000000 277.128129 0
136800.000000 277.128129 0
137120.000000 277.128129 0
137440.000000 277.128129 0
137760.000000 277.128129 0
138080.000000 277.128129 0
138400.000000 277.128129 0
138720.000000 277.128129 0
139040.000000 277.128129 0
139360.000000 277.128129 0
139680.000000 277.128129 0
140000.000000 277.128129 0
140320.000000 277.128129 0
140640.000000 277.128129 0
140960.000000 277.128129 0
141280.000000 277.128129 0
141600.000000 277.128129 0
141920.000000 277.128129 0
142240.000000 277.128129 0
142560.000000 277.128129 0
142880.000000 277.128129 0
143200.000000 277.128129 0
143520.000000 277.128129 0
143840.000000 277.128129 0
144160.000000 277.128129 0
144480.000000 277.128129 0
144800.000000 277.128129 0
145120.000000 277.128129 0
145440.000000 277.128129 0
145760.000000 277.128129 0
146080.000000 277.128129 0
146400.000000 277.128129 0
146720.000000 277.128129 0
147040.000000 277.128129 0
147360.000000 277.128129 0
147680.000000 277.128129 0
148000.000000 277.128129 0
148320.000000 277.128129 0
148640.000000 277.128129 0
148960.000000 277.128129 0
149280.000000 277.128129 0
149600.000000 277.128129 0
149920.000000 277.128129 0
150240.000000 277.128129 0
150560.000000 277.128129 0
150880.000000 277.128129 0
151200.000000 277.128129 0
151520.000000 277.128129 0
151840.000000 277.128129 0
152160.000000 277.128129 0
152480.000000 277.128129 0
152800.000000 277.128129 0
153120.000000 277.128129 0
153440.000000 277.128129 0
153760.000000 277.128129 0
154080.000000 277.128129 0
154400.000000 277.128129 0
154720.000000 277.128129 0
155040.000000 277.128129 0
155360.000000 277.128129 0
155680.000000 277.128129 0
156000.000000 277.128129 0
156320.000000 277.128129 0
156640.000000 277.128129 0
156960.000000 277.128129 0
157280.000000 277.128129 0
157600.000000 277.128129 0
157920.000000 277.128129 0
158240.000000 277.128129 0
158560.000000 277.128129 0
158880.000000 277.128129 0
159200.000000 277.128129 0
159520.000000 277.128129 0
159840.000000 277.128129 0
160160.000000 277.128129 0
160480.000000 277.128129 0
160800.000000 277.128129 0
161120.000000 277.128129 0
161440.000000 277.128129 0
161760.000000 277.128129 0
162080.000000 277.128129 0
162400.000000 277.128129 0
162720.000000 277.128129 0
163040.000000 277.128129 0
163360.000000 277.128129 0
163680.000000 277.128129 0
164000.000000 277.128129 0
164320.000000 277.128129 0
164640.000000 277.128129 0
164960.000000 277.128129 0
165280.000000 277.128129 0
165600.000000 277.128129 0
165920.000000 277.128129 0
166240.000000 277.128129 0
166560.000000 277.128129 0
166880.000000 277.128129 0
167200.000000 277.128129 0
167520.000000 277.128129 0
167840.000000 277.128129 0
168160.000000 277.128129 0
168480.000000 277.128129 0
168800.000000 277.128129 0
169120.000000 277.128129 0
169440.000000 277.128129 0
169760.000000 277.128129 0
170080.000000 277.128129 0
170400.000000 277.128129 0
170720.000000 277.128129 0
171040.000000 277.128129 0
171360.000000 277.128129 0
171680.000000 277.128129 0
172000.000000 277.128129 0
172320.000000 277.128129 0
172640.000000 277.128129 0
172960.000000 277.128129 0
173280.000000 277.128129 0
173600.000000 277.128129 0
173920.000000 277.128129 0
174240.000000 277.128129 0
174560.000000 277.128129 0
174880.000000 277.128129 0
175200.000000 277.128129 0
175520.000000 277.128129 0
175840.000000 277.128129 0
176160.000000 277.128129 0
176480.000000 277.128129 0
176800.000000 277.128129 0
177120.000000 277.128129 0
177440.000000 277.128129 0
177760.000000 277.128129 0
178080.000000 277.128129 0
178400.000000 277.128129 0
178720.000000 277.128129 0
179040.000000 277.128129 0
179360.000000 277.128129 0
179680.000000 277.128129 0
180000.000000 277.128129 0
180320.000000 277.128129 0
180640.000000 277.128129 0
180960.000000 277.128129 0
181280.000000 277.128129 0
181600.000000 277.128129 0
181920.000000 277.128129 0
182240.000000 277.128129 0
182560.000000 277.128129 0
182880.000000 277.128129 0
183200.000000 277.128129 0
183520.000000 277.128129 0
183840.000000 277.128129 0
184160.000000 277.128129 0
184480.000000 277.128129 0
184800.000000 277.128129 0
185120.000000 277.128129 0
185440.000000 277.128129 0
185760.000000 277.128129 0
186080.000000 277.128129 0
186400.000000 277.128129 0
186720.000000 277.128129 0
187040.000000 277.128129 0
187360.000000 277.128129 0
187680.000000 277.128129 0
188000.000000 277.128129 0
188320.000000 277.128129 0
188640.000000 277.128129 0
188960.000000 277.128129 0
189280.000000 277.128129 0
189600.000000 277.128129 0
189920.000000 277.128129 0
190240.000000 277.128129 0
190560.000000 277.128129 0
190880.000000 277.128129 0
191200.000000 277.128129 0
191520.000000 277.128129 0
191840.000000 277.128129 0
192160.000000 277.128129 0
192480.000000 277.128129 0
192800.000000 277.128129 0
193120.000000 277.128129 0
193440.000000 277.128129 0
193760.000000 277.128129 0
194080.000000 277.128129 0
194400.000000 277.128129 0
194720.000000 277.128129 0
195040.000000 277.128129 0
195360.000000 277.128129 0
195680.000000 277.128129 0
196000.000000 277.128129 0
196320.000000 277.128129 0
196640.000000 277.128129 0
196960.000000 277.128129 0
197280.000000 277.128129 0
197600.000000 277.128129 0
197920.000000 277.128129 0
198240.000000 277.128129 0
198560.000000 277.128129 0
198880.000000 277.128129 0
199200.000000 277.128129 0
199520.000000 277.128129 0
199840.000000 277.128129 0
200160.000000 277.128129 0
200480.000000 277.128129 0
200800.000000 277.128129 0
201120.000000 277.128129 0
201440.000000 277.128129 0
201760.000000 277.128129 0
202080.000000 277.128129 0
202400.000000 277.128129 0
202720.000000 277.128129 0
203040.000000 277.128129 0
203360.000000 277.128129 0
203680.000000 277.128129 0
204000.000000 277.128129 0
204320.000000 277.128129 0
204640.000000 277.128129 0
204960.000000 277.128129 0
205280.000000 277.128129 0
205600.000000 277.128129 0
205920.000000 277.128129 0
206240.000000 277.128129 0
206560.000000 277.128129 0
206880.000000 277.128129 0
207200.000000 277.128129 0
207520.000000 277.128129 0
207840.000000 277.128129 0
208160.000000 277.128129 0
208480.000000 277.128129 0
208800.000000 277.128129 0
209120.000000 277.128129 0
209440.000000 277.128129 0
209760.000000 277.128129 0
210080.000000 277.128129 0
210400.000000 277.128129 0
210720.000000 277.128129 0
211040.000000 277.128129 0
211360.000000 277.128129 0
211680.000000 277.128129 0
212000.000000 277.128129 0
212320.000000 277.128129 0
212640.000000 277.128129 0
212960.000000 277.128129 0
213280.000000 277.128129 0
213600.000000 277.128129 0
213920.000000 277.128129 0
214240.000000 277.128129 0
214560.000000 277.128129 0
214880.000000 277.128129 0
215200.000000 277.128129 0
215520.000000 277.128129 0
215840.000000 277.128129 0
216160.000000 277.128129 0
216480.000000 277.128129 0
216800.000000 277.128129 0
217120.000000 277.128129 0
217440.000000 277.128129 0
217760.000000 277.128129 0
218080.000000 277.128129 0
218400.000000 277.128129 0
218720.000000 277.128129 0
219040.000000 277.128129 0
219360.000000 277.128129 0
219680.000000 277.128129 0
220000.000000 277.128129 0
220320.000000 277.128129 0
220640.000000 277.128129 0
220960.000000 277.128129 0
221280.000000 277.128129 0
221600.000000 277.128129 0
221920.000000 277.128129 0
222240.000000 277.128129 0
222560.000000 277.128129 0
222880.000000 277.128129 0
223200.000000 277.128129 0
223520.000000 277.128129 0
223840.000000 277.128129 0
224160.000000 277.128129 0
224480.000000 277.128129 0
224800.000000 277.128129 0
225120.000000 277.128129 0
225440.000000 277.128129 0
225760.000000 277.128129 0
226080.000000 277.128129 0
226400.000000 277.128129 0
226720.000000 277.128129 0
227040.000000 277.128129 0
227360.000000 277.128129 0
227680.000000 277.128129 0
228000.000000 277.128129 0
228320.000000 277.128129 0
228640.000000 277.128129 0
228960.000000 277.128129 0
229280.000000 277.128129 0
229600.000000 277.128129 0
229920.000000 277.128129 0
230240.000000 277.128129 0
230560.000000 277.128129 0
230880.000000 277.128129 0
231200.000000 277.128129 0
231520.000000 277.128129 0
231840.000000 277.128129 0
232160.000000 277.128129 0
232480.000000 277.128129 0
232800.000000 277.128129 0
233120.000000 277.128129 0
233440.000000 277.128129 0
233760.000000 277.128129 0
234080.000000 277.128129 0
234400.000000 277.128129 0
234720.000000 277.128129 0
235040.000000 277.128129 0
235360.000000 277.128129 0
235680.000000 277.128129 0
236000.000000 277.128129 0
236320.000000 277.128129 0
236640.000000 277.128129 0
236960.000000 277.128129 0
237280.000000 277.128129 0
237600.000000 277.128129 0
237920.000000 277.128129 0
238240.000000 277.128129 0
238560.000000 277.128129 0
238880.000000 277.128129 0
239200.000000 277.128129 0
239520.000000 277.128129 0
239840.000000 277.128129 0
240160.000000 277.128129 0
240480.000000 277.128129 0
240800.000000 277.128129 0
241120.000000 277.128129 0
241440.000000 277.128129 0
241760.000000 277.128129 0
242080.000000 277.128129 0
242400.000000 277.128129 0
242720.000000 277.128129 0
243040.000000 277.128129 0
243360.000000 277.128129 0
243680.000000 277.128129 0
244000.000000 277.128129 0
244320.000000 277.128129 0
244640.000000 277.128129 0
244960.000000 277.128129 0
245280.000000 277.128129 0
245600.000000 277.128129 0
245920.000000 277.128129 0
246240.000000 277.128129 0
246560.000000 277.128129 0
246880.000000 277.128129 0
247200.000000 277.128129 0
247520.000000 277.128129 0
247840.000000 277.128129 0
248160.000000 277.128129 0
248480.000000 277.128129 0
248800.000000 277.128129 0
249120.000000 277.128129 0
249440.000000 277.128129 0
249760.000000 277.128129 0
250080.000000 277.128129 0
250400.000000 277.128129 0
250720.000000 277.128129 0
251040.000000 277.128129 0
251360.000000 277.128129 0
251680.000000 277.128129 0
252000.000000 277.128129 0
252320.000000 277.128129 0
252640.000000 277.128129 0
252960.000000 277.128129 0
253280.000000 277.128129 0
253600.000000 277.128129 0
253920.000000 277.128129 0
254240.000000 277.128129 0
254560.000000 277.128129 0
254880.000000 277.128129 0
255200.000000 277.128129 0
255520.000000 277.128129 0
255840.000000 277.128129 0
256160.000000 277.128129 0
256480.000000 277.128129 0
256800.000000 277.128129 0
257120.000000 277.128129 0
257440.000000 277.128129 0
257760.000000 277.128129 0
258080.000000 277.128129 0
258400.000000 277.128129 0
258720.000000 277.128129 0
259040.000000 277.128129 0
259360.000000 277.128129 0
259680.000000 277.128129 0
260000.000000 277.128129 0
260320.000000 277.128129 0
260640.000000 277.128129 0
260960.000000 277.128129 0
261280.000000 277.128129 0
261600.000000 277.128129 0
261920.000000 277.128129 0
262240.000000 277.128129 0
262560.000000 277.128129 0
262880.000000 277.128129 0
263200.000000 277.128129 0
263520.000000 277.128129 0
263840.000000 277.128129 0
264160.000000 277.128129 0
264480.000000 277.128129 0
264800.000000 277.128129 0
265120.000000 277.128129 0
265440.000000 277.128129 0
265760.000000 277.128129 0
266080.000000 277.128129 0
266400.000000 277.128129 0
266720.000000 277.128129 0
267040.000000 277.128129 0
267360.000000 277.128129 0
267680.000000 277.128129 0
268000.000000 277.128129 0
268320.000000 277.128129 0
268640.000000 277.128129 0
268960.000000 277.128129 0
269280.000000 277.128129 0
269600.000000 277.128129 0
269920.000000 277.128129 0
270240.000000 277.128129 0
270560.000000 277.128129 0
270880.000000 277.128129 0
271200.000000 277.128129 0
271520.000000 277.128129 0
271840.000000 277.128129 0
272160.000000 277.128129 0
272480.000000 277.128129 0
272800.000000 277.128129 0
273120.000000 277.128129 0
273440.000000 277.128129 0
273760.000000 277.128129 0
274080.000000 277.128129 0
274400.000000 277.128129 0
274720.000000 277.128129 0
275040.000000 277.128129 0
275360.000000 277.128129 0
275680.000000 277.128129 0
276000.000000 277.128129 0
276320.000000 277.128129 0
276640.000000 277.128129 0
276960.000000 277.128129 0
277280.000000 277.128129 0
277600.000000 277.128129 0
277920.000000 277.128129 0
278240.000000 277.128129 0
278560.000000 277.128129 0
278880.000000 277.128129 0
279200.000000 277.128129 0
279520.000000 277.128129 0
279840.000000 277.128129 0
280160.000000 277.128129 0
280480.000000 277.128129 0
280800.000000 277.128129 0
281120.000000 277.128129 0
281440.000000 277.128129 0
281760.000000 277.128129 0
282080.000000 277.128129 0
282400.000000 277.128129 0
282720.000000 277.128129 0
283040.000000 277.128129 0
283360.000000 277.128129 0
283680.000000 277.128129 0
284000.000000 277.128129 0
284320.000000 277.128129 0
284640.000000 277.128129 0
284960.000000 277.128129 0
285280.000000 277.128129 0
285600.000000 277.128129 0
285920.000000 277.128129 0
286240.000000 277.128129 0
286560.000000 277.128129 0
286880.000000 277.128129 0
287200.000000 277.128129 0
287520.000000 277.128129 0
287840.000000 277.128129 0
288160.000000 277.128129 0
288480.000000 277.128129 0
288800.000000 277.128129 0
289120.000000 277.128129 0
289440.000000 277.128129 0
289760.000000 277.128129 0
290080.000000 277.128129 0
290400.000000 277.128129 0
290720.000000 277.128129 0
291040.000000 277.128129 0
291360.000000 277.128129 0
291680.000000 277.128129 0
292000.000000 277.128129 0
292320.000000 277.128129 0
292640.000000 277.128129 0
292960.000000 277.128129 0
293280.000000 277.128129 0
293600.000000 277.128129 0
293920.000000 277.128129 0
294240.000000 277.128129 0
294560.000000 277.128129 0
294880.000000 277.128129 0
295200.000000 277.128129 0
295520.000000 277.128129 0
295840.000000 277.128129 0
296160.000000 277.128129 0
296480.000000 277.128129 0
296800.000000 277.128129 0
297120.000000 277.128129 0
297440.000000 277.128129 0
297760.000000 277.128129 0
298080.000000 277.128129 0
298400.000000 277.128129 0
298720.000000 277.128129 0
299040.000000 277.128129 0
299360.000000 277.128129 0
299680.000000 277.128129 0
300000.000000 277.128129 0
300320.000000 277.128129 0
300640.000000 277.128129 0
300960.000000 277.128129 0
301280.000000 277.128129 0
301600.000000 277.128129 0
301920.000000 277.128129 0
302240.000000 277.128129 0
302560.000000 277.128129 0
302880.000000 277.128129 0
303200.000000 277.128129 0
303520.000000 277.128129 0
303840.000000 277.128129 0
304160.000000 277.128129 0
304480.000000 277.128129 0
304800.000000 277.128129 0
305120.000000 277.128129 0
305440.000000 277.128129 0
305760.000000 277.128129 0
306080.000000 277.128129 0
306400.000000 277.128129 0
306720.000000 277.128129 0
307040.000000 277.128129 0
307360.000000 277.128129 0
307680.000000 277.128129 0
308000.000000 277.128129 0
308320.000000 277.128129 0
308640.000000 277.128129 0
308960.000000 277.128129 0
309280.000000 277.128129 0
309600.000000 277.128129 0
309920.000000 277.128129 0
310240.000000 277.128129 0
310560.000000 277.128129 0
310880.000000 277.128129 0
311200.000000 277.128129 0
311520.000000 277.128129 0
311840.000000 277.128129 0
312160.000000 277.128129 0
312480.000000 277.128129 0
312800.000000 277.128129 0
313120.000000 277.128129 0
313440.000000 277.128129 0
313760.000000 277.128129 0
314080.000000 277.128129 0
314400.000000 277.128129 0
314720.000000 277.128129 0
315040.000000 277.128129 0
315360.000000 277.128129 0
315680.000000 277.128129 0
316000.000000 277.128129 0
316320.000000 277.128129 0
316640.000000 277.128129 0
316960.000000 277.128129 0
317280.000000 277.128129 0
317600.000000 277.128129 0
317920.000000 277.128129 0
318240.000000 277.128129 0
318560.000000 277.128129 0
318880.000000 277.128129 0
319200.000000 277.128129 0
319520.000000 277.128129 0
319840.000000 277.128129 0
320160.000000 277.128129 0
320480.000000 277.128129 0
320800.000000 277.128129 0
321120.000000 277.128129 0
321440.000000 277.128129 0
321760.000000 277.128129 0
322080.000000 277.128129 0
322400.000000 277.128129 0
322720.000000 277.128129 0
323040.000000 277.128129 0
323360.000000 277.128129 0
323680.000000 277.128129 0
324000.000000 277.128129 0
324320.000000 277.128129 0
324640.000000 277.128129 0
324960.000000 277.128129 0
325280.000000 277.128129 0
325600.000000 277.128129 0
325920.000000 277.128129 0
326240.000000 277.128129 0
326560.000000 277.128129 0
326880.000000 277.128129 0
327200.000000 277.128129 0
327520.000000 277.128129 0
327840.000000 277.128129 0
328160.000000 277.128129 0
328480.000000 277.128129 0
328800.000000 277.128129 0
329120.000000 277.128129 0
329440.000000 277.128129 0
329760.000000 277.128129 0
330080.000000 277.128129 0
330400.000000 277.128129 0
330720.000000 277.128129 0
331040.000000 277.128129 0
331360.000000 277.128129 0
331680.000000 277.128129 0
332000.000000 277.128129 0
332320.000000 277.128129 0
332640.000000 277.128129 0
332960.000000 277.128129 0
333280.000000 277.128129 0
333600.000000 277.128129 0
333920.000000 277.128129 0
334240.000000 277.128129 0
334560.000000 277.128129 0
334880.000000 277.128129 0
335200.000000 277.128129 0
335520.000000 277.128129 0
335840.000000 277.128129 0
336160.000000 277.128129 0
336480.000000 277.128129 0
336800.000000 277.128129 0
337120.000000 277.128129 0
337440.000000 277.128129 0
337760.000000 277.128129 0
338080.000000 277.128129 0
338400.000000 277.128129 0
338720.000000 277.128129 0
339040.000000 277.128129 0
339360.000000 277.128129 0
339680.000000 277.128129 0
340000.000000 277.128129 0
340320.000000 277.128129 0
340640.000000 277.128129 0
340960.000000 277.128129 0
341280.000000 277.128129 0
341600.000000 277.128129 0
341920.000000 277.128129 0
342240.000000 277.128129 0
342560.000000 277.128129 0
342880.000000 277.128129 0
343200.000000 277.128129 0
343520.000000 277.128129 0
343840.000000 277.128129 0
344160.000000 277.128129 0
344480.000000 277.128129 0
344800.000000 277.128129 0
345120.000000 277.128129 0
345440.000000 277.128129 0
345760.000000 277.128129 0
346080.000000 277.128129 0
346400.000000 277.128129 0
346720.000000 277.128129 0
347040.000000 277.128129 0
347360.000000 277.128129 0
347680.000000 277.128129 0
348000.000000 277.128129 0
348320.000000 277.128129 0
348640.000000 277.128129 0
348960.000000 277.128129 0
349280.000000 277.128129 0
349600.000000 277.128129 0
349920.000000 277.128129 0
350240.000000 277.128129 0
350560.000000 277.128129 0
350880.000000 277.128129 0
351200.000000 277.128129 0
351520.000000 277.128129 0
351840.000000 277.128129 0
352160.000000 277.128129 0
352480.000000 277.128129 0
352800.000000 277.128129 0
353120.000000 277.128129 0
353440.000000 277.128129 0
353760.000000 277.128129 0
354080.000000 277.128129 0
354400.000000 277.128129 0
354720.000000 277.128129 0
355040.000000 277.128129 0
355360.000000 277.128129 0
355680.000000 277.128129 0
356000.000000 277.128129 0
356320.000000 277.128129 0
356640.000000 277.128129 0
356960.000000 277.128129 0
357280.000000 277.128129 0
357600.000000 277.128129 0
357920.000000 277.128129 0
358240.000000 277.128129 0
358560.000000 277.128129 0
358880.000000 277.128129 0
359200.000000 277.128129 0
359520.000000 277.128129 0
359840.000000 277.128129 0
360160.000000 277.128129 0
360480.000000 277.128129 0
360800.000000 277.128129 0
361120.000000 277.128129 0
361440.000000 277.128129 0
361760.000000 277.128129 0
362080.000000 277.128129 0
362400.000000 277.128129 0
362720.000000 277.128129 0
363040.000000 277.128129 0
363360.000000 277.128129 0
363680.000000 277.128129 0
364000.000000 277.128129 0
364320.000000 277.128129 0
364640.000000 277.128129 0
364960.000000 277.128129 0
365280.000000 277.128129 0
365600.000000 277.128129 0
365920.000000 277.128129 0
366240.000000 277.128129 0
366560.000000 277.128129 0
366880.000000 277.128129 0
367200.000000 277.128129 0
367520.000000 277.128129 0
367840.000000 277.128129 0
368160.000000 277.128129 0
368480.000000 277.128129 0
368800.000000 277.128129 0
369120.000000 277.128129 0
369440.000000 277.128129 0
369760.000000 277.128129 0
370080.000000 277.128129 0
370400.000000 277.128129 0
370720.000000 277.128129 0
371040.000000 277.128129 0
371360.000000 277.128129 0
371680.000000 277.128129 0
372000.000000 277.128129 0
372320.000000 277.128129 0
372640.000000 277.128129 0
372960.000000 277.128129 0
373280.000000 277.128129 0
373600.000000 277.128129 0
373920.000000 277.128129 0
374240.000000 277.128129 0
374560.000000 277.128129 0
374880.000000 277.128129 0
375200.000000 277.128129 0
375520.000000 277.128129 0
375840.000000 277.128129 0
376160.000000 277.128129 0
376480.000000 277.128129 0
376800.000000 277.128129 0
377120.000000 277.128129 0
377440.000000 277.128129 0
377760.000000 277.128129 0
378080.000000 277.128129 0
378400.000000 277.128129 0
378720.000000 277.128129 0
379040.000000 277.128129 0
379360.000000 277.128129 0
379680.000000 277.128129 0
380000.000000 277.128129 0
380320.000000 277.128129 0
380640.000000 277.128129 0
380960.000000 277.128129 0
381280.000000 277.128129 0
381600.000000 277.128129 0
381920.000000 277.128129 0
382240.000000 277.128129 0
382560.000000 277.128129 0
382880.000000 277.128129 0
383200.000000 277.128129 0
383520.000000 277.128129 0
383840.000000 277.128129 0
384160.000000 277.128129 0
384480.000000 277.128129 0
384800.000000 277.128129 0
385120.000000 277.128129 0
385440.000000 277.128129 0
385760.000000 277.128129 0
386080.000000 277.128129 0
386400.000000 277.128129 0
386720.000000 277.128129 0
387040.000000 277.128129 0
387360.000000 277.128129 0
387680.000000 277.128129 0
388000.000000 277.128129 0
388320.000000 277.128129 0
388640.000000 277.128129 0
388960.000000 277.128129 0
389280.000000 277.128129 0
389600.000000 277.128129 0
389920.000000 277.128129 0
390240.000000 277.128129 0
390560.000000 277.128129 0
390880.000000 277.128129 0
391200.000000 277.128129 0
391520.000000 277.128129 0
391840.000000 277.128129 0
392160.000000 277.128129 0
392480.000000 277.128129 0
392800.000000 277.128129 0
393120.000000 277.128129 0
393440.000000 277.128129 0
393760.000000 277.128129 0
394080.000000 277.128129 0
394400.000000 277.128129 0
394720.000000 277.128129 0
395040.000000 277.128129 0
395360.000000 277.128129 0
395680.000000 277.128129 0
396000.000000 277.128129 0
396320.000000 277.128129 0
396640.000000 277.128129 0
396960.000000 277.128129 0
397280.000000 277.128129 0
397600.000000 277.128129 0
397920.000000 277.128129 0
398240.000000 277.128129 0
398560.000000 277.128129 0
398880.000000 277.128129 0
399200.000000 277.128129 0
399520.000000 277.128129 0
399840.000000 277.128129 0
400000.000000 0.000000 0
399680.000000 0.000000 0
399360.000000 0.000000 0
399040.000000 0.000000 0
398720.000000 0.000000 0
398400.000000 0.000000 0
398080.000000 0.000000 0
397760.000000 0.000000 0
397440.000000 0.000000 0
397120.000000 0.000000 0
396800.000000 0.000000 0
396480.000000 0.000000 0
396160.000000 0.000000 0
395840.000000 0.000000 0
395520.000000 0.000000 0
395200.000000 0.000000 0
394880.000000 0.000000 0
394560.000000 0.000000 0
394240.000000 0.000000 0
393920.000000 0.000000 0
393600.000000 0.000000 0
393280.000000 0.000000 0
392960.000000 0.000000 0
392640.000000 0.000000 0
392320.000000 0.000000 0
392000.000000 0.000000 0
391680.000000 0.000000 0
391360.000000 0.000000 0
391040.000000 0.000000 0
390720.000000 0.000000 0
390400.000000 0.000000 0
390080.000000 0.000000 0
389760.000000 0.000000 0
389440.000000 0.000000 0
389120.000000 0.000000 0
388800.000000 0.000000 0
388480.000000 0.000000 0
388160.000000 0.000000 0
387840.000000 0.000000 0
387520.000000 0.000000 0
387200.000000 0.000000 0
386880.000000 0.000000 0
386560.000000 0.000000 0
386240.000000 0.000000 0
385920.000000 0.000000 0
385600.000000 0.000000 0
385280.000000 0.000000 0
384960.000000 0.000000 0
384640.000000 0.000000 0
384320.000000 0.000000 0
384000.000000 0.000000 0
383680.000000 0.000000 0
383360.000000 0.000000 0
383040.000000 0.000000 0
382720.000000 0.000000 0
382400.000000 0.000000 0
382080.000000 0.000000 0
381760.000000 0.000000 0
381440.000000 0.000000 0
381120.000000 0.000000 0
380800.000000 0.000000 0
380480.000000 0.000000 0
380160.000000 0.000000 0
379840.000000 0.000000 0
379520.000000 0.000000 0
379200.000000 0.000000 0
378880.000000 0.000000 0
378560.000000 0.000000 0
378240.000000 0.000000 0
377920.000000 0.000000 0
377600.000000 0.000000 0
377280.000000 0.000000 0
376960.000000 0.000000 0
376640.000000 0.000000 0
376320.000000 0.000000 0
376000.000000 0.000000 0
375680.000000 0.000000 0
375360.000000 0.000000 0
375040.000000 0.000000 0
374720.000000 0.000000 0
374400.000000 0.000000 0
374080.000000 0.000000 0
373760.000000 0.000000 0
373440.000000 0.000000 0
373120.000000 0.000000 0
372800.000000 0.000000 0
372480.000000 0.000000 0
372160.000000 0.000000 0
371840.000000 0.000000 0
371520.000000 0.000000 0
371200.000000 0.000000 0
370880.000000 0.000000 0
370560.000000 0.000000 0
370240.000000 0.000000 0
369920.000000 0.000000 0
369600.000000 0.000000 0
369280.000000 0.000000 0
368960.000000 0.000000 0
368640.000000 0.000000 0
368320.000000 0.000000 0
368000.000000 0.000000 0
367680.000000 0.000000 0
367360.000000 0.000000 0
367040.000000 0.000000 0
366720.000000 0.000000 0
366400.000000 0.000000 0
366080.000000 0.000000 0
365760.000000 0.000000 0
365440.000000 0.000000 0
365120.000000 0.000000 0
364800.000000 0.000000 0
364480.000000 0.000000 0
364160.000000 0.000000 0
363840.000000 0.000000 0
363520.000000 0.000000 0
363200.000000 0.000000 0
362880.000000 0.000000 0
362560.000000 0.000000 0
362240.000000 0.000000 0
361920.000000 0.000000 0
361600.000000 0.000000 0
361280.000000 0.000000 0
360960.000000 0.000000 0
360640.000000 0.000000 0
360320.000000 0.000000 0
360000.000000 0.000000 0
359680.000000 0.000000 0
359360.000000 0.000000 0
359040.000000 0.000000 0
358720.000000 0.000000 0
358400.000000 0.000000 0
358080.000000 0.000000 0
357760.000000 0.000000 0
357440.000000 0.000000 0
357120.000000 0.000000 0
356800.000000 0.000000 0
356480.000000 0.000000 0
356160.000000 0.000000 0
355840.000000 0.000000 0
355520.000000 0.000000 0
355200.000000 0.000000 0
354880.000000 0.000000 0
354560.000000 0.000000 0
354240.000000 0.000000 0
353920.000000 0.000000 0
353600.000000 0.000000 0
353280.000000 0.000000 0
352960.000000 0.000000 0
352640.000000 0.000000 0
352320.000000 0.000000 0
352000.000000 0.000000 0
351680.000000 0.000000 0
351360.000000 0.000000 0
351040.000000 0.000000 0
350720.000000 0.000000 0
350400.000000 0.000000 0
350080.000000 0.000000 0
349760.000000 0.000000 0
349440.000000 0.000000 0
349120.000000 0.000000 0
348800.000000 0.000000 0
348480.000000 0.000000 0
348160.000000 0.000000 0
347840.000000 0.000000 0
347520.000000 0.000000 0
347200.000000 0.000000 0
346880.000000 0.000000 0
346560.000000 0.000000 0
346240.000000 0.000000 0
345920.000000 0.000000 0
345600.000000 0.000000 0
345280.000000 0.000000 0
344960.000000 0.000000 0
344640.000000 0.000000 0
344320.000000 0.000000 0
344000.000000 0.000000 0
343680.000000 0.000000 0
343360.000000 0.000000 0
343040.000000 0.000000 0
342720.000000 0.000000 0
342400.000000 0.000000 0
342080.000000 0.000000 0
341760.000000 0.000000 0
341440.000000 0.000000 0
341120.000000 0.000000 0
340800.000000 0.000000 0
340480.000000 0.000000 0
340160.000000 0.000000 0
339840.000000 0.000000 0
339520.000000 0.000000 0
339200.000000 0.000000 0
338880.000000 0.000000 0
338560.000000 0.000000 0
338240.000000 0.000000 0
337920.000000 0.000000 0
337600.000000 0.000000 0
337280.000000 0.000000 0
336960.000000 0.000000 0
336640.000000 0.000000 0
336320.000000 0.000000 0
336000.000000 0.000000 0
335680.000000 0.000000 0
335360.000000 0.000000 0
335040.000000 0.000000 0
334720.000000 0.000000 0
334400.000000 0.000000 0
334080.000000 0.000000 0
333760.000000 0.000000 0
333440.000000 0.000000 0
333120.000000 0.000000 0
332800.000000 0.000000 0
332480.000000 0.000000 0
332160.000000 0.000000 0
331840.000000 0.000000 0
331520.000000 0.000000 0
331200.000000 0.000000 0
330880.000000 0.000000 0
330560.000000 0.000000 0
330240.000000 0.000000 0
329920.000000 0.000000 0
329600.000000 0.000000 0
329280.000000 0.000000 0
328960.000000 0.000000 0
328640.000000 0.000000 0
328320.000000 0.000000 0
328000.000000 0.000000 0
327680.000000 0.000000 0
327360.000000 0.000000 0
327040.000000 0.000000 0
326720.000000 0.000000 0
326400.000000 0.000000 0
326080.000000 0.000000 0
325760.000000 0.000000 0
325440.000000 0.000000 0
325120.000000 0.000000 0
324800.000000 0.000000 0
324480.000000 0.000000 0
324160.000000 0.000000 0
323840.000000 0.000000 0
323520.000000 0.000000 0
323200.000000 0.000000 0
322880.000000 0.000000 0
322560.000000 0.000000 0
322240.000000 0.000000 0
321920.000000 0.000000 0
321600.000000 0.000000 0
321280.000000 0.000000 0
320960.000000 0.000000 0
320640.000000 0.000000 0
320320.000000 0.000000 0
320000.000000 0.000000 0
319680.000000 0.000000 0
319360.000000 0.000000 0
319040.000000 0.000000 0
318720.000000 0.000000 0
318400.000000 0.000000 0
318080.000000 0.000000 0
317760.000000 0.000000 0
317440.000000 0.000000 0
317120.000000 0.000000 0
316800.000000 0.000000 0
316480.000000 0.000000 0
316160.000000 0.000000 0
315840.000000 0.000000 0
315520.000000 0.000000 0
315200.000000 0.000000 0
314880.000000 0.000000 0
314560.000000 0.000000 0
314240.000000 0.000000 0
313920.000000 0.000000 0
313600.000000 0.000000 0
313280.000000 0.000000 0
312960.000000 0.000000 0
312640.000000 0.000000 0
312320.000000 0.000000 0
312000.000000 0.000000 0
311680.000000 0.000000 0
311360.000000 0.000000 0
311040.000000 0.000000 0
310720.000000 0.000000 0
310400.000000 0.000000 0
310080.000000 0.000000 0
309760.000000 0.000000 0
309440.000000 0.000000 0
309120.000000 0.000000 0
308800.000000 0.000000 0
308480.000000 0.000000 0
308160.000000 0.000000 0
307840.000000 0.000000 0
307520.000000 0.000000 0
307200.000000 0.000000 0
306880.000000 0.000000 0
306560.000000 0.000000 0
306240.000000 0.000000 0
305920.000000 0.000000 0
305600.000000 0.000000 0
305280.000000 0.000000 0
304960.000000 0.000000 0
304640.000000 0.000000 0
304320.000000 0.000000 0
304000.000000 0.000000 0
303680.000000 0.000000 0
303360.000000 0.000000 0
303040.000000 0.000000 0
302720.000000 0.000000 0
302400.000000 0.000000 0
302080.000000 0.000000 0
301760.000000 0.000000 0
301440.000000 0.000000 0
301120.000000 0.000000 0
300800.000000 0.000000 0
300480.000000 0.000000 0
300160.000000 0.000000 0
299840.000000 0.000000 0
299520.000000 0.000000 0
299200.000000 0.000000 0
298880.000000 0.000000 0
298560.000000 0.000000 0
298240.000000 0.000000 0
297920.000000 0.000000 0
297600.000000 0.000000 0
297280.000000 0.000000 0
296960.000000 0.000000 0
296640.000000 0.000000 0
296320.000000 0.000000 0
296000.000000 0.000000 0
295680.000000 0.000000 0
295360.000000 0.000000 0
295040.000000 0.000000 0
294720.000000 0.000000 0
294400.000000 0.000000 0
294080.000000 0.000000 0
293760.000000 0.000000 0
293440.000000 0.000000 0
293120.000000 0.000000 0
292800.000000 0.000000 0
292480.000000 0.000000 0
292160.000000 0.000000 0
291840.000000 0.000000 0
291520.000000 0.000000 0
291200.000000 0.000000 0
290880.000000 0.000000 0
290560.000000 0.000000 0
290240.000000 0.000000 0
289920.000000 0.000000 0
289600.000000 0.000000 0
289280.000000 0.000000 0
288960.000000 0.000000 0
288640.000000 0.000000 0
288320.000000 0.000000 0
288000.000000 0.000000 0
287680.000000 0.000000 0
287360.000000 0.000000 0
287040.000000 0.000000 0
286720.000000 0.000000 0
286400.000000 0.000000 0
286080.000000 0.000000 0
285760.000000 0.000000 0
285440.000000 0.000000 0
285120.000000 0.000000 0
284800.000000 0.000000 0
284480.000000 0.000000 0
284160.000000 0.000000 0
283840.000000 0.000000 0
283520.000000 0.000000 0
283200.000000 0.000000 0
282880.000000 0.000000 0
282560.000000 0.000000 0
282240.000000 0.000000 0
281920.000000 0.000000 0
281600.000000 0.000000 0
281280.000000 0.000000 0
280960.000000 0.000000 0
280640.000000 0.000000 0
280320.000000 0.000000 0
280000.000000 0.000000 0
279680.000000 0.000000 0
279360.000000 0.000000 0
279040.000000 0.000000 0
278720.000000 0.000000 0
278400.000000 0.000000 0
278080.000000 0.000000 0
277760.000000 0.000000 0
277440.000000 0.000000 0
277120.000000 0.000000 0
276800.000000 0.000000 0
276480.000000 0.000000 0
276160.000000 0.000000 0
275840.000000 0.000000 0
275520.000000 0.000000 0
275200.000000 0.000000 0
274880.000000 0.000000 0
274560.000000 0.000000 0
274240.000000 0.000000 0
273920.000000 0.000000 0
273600.000000 0.000000 0
273280.000000 0.000000 0
272960.000000 0.000000 0
272640.000000 0.000000 0
272320.000000 0.000000 0
272000.000000 0.000000 0
271680.000000 0.000000 0
271360.000000 0.000000 0
271040.000000 0.000000 0
270720.000000 0.000000 0
270400.000000 0.000000 0
270080.000000 0.000000 0
269760.000000 0.000000 0
269440.000000 0.000000 0
269120.000000 0.000000 0
268800.000000 0.000000 0
268480.000000 0.000000 0
268160.000000 0.000000 0
267840.000000 0.000000 0
267520.000000 0.000000 0
267200.000000 0.000000 0
266880.000000 0.000000 0
266560.000000 0.000000 0
266240.000000 0.000000 0
265920.000000 0.000000 0
265600.000000 0.000000 0
265280.000000 0.000000 0
264960.000000 0.000000 0
264640.000000 0.000000 0
264320.000000 0.000000 0
264000.000000 0.000000 0
263680.000000 0.000000 0
263360.000000 0.000000 0
263040.000000 0.000000 0
262720.000000 0.000000 0
262400.000000 0.000000 0
262080.000000 0.000000 0
261760.000000 0.000000 0
261440.000000 0.000000 0
261120.000000 0.000000 0
260800.000000 0.000000 0
260480.000000 0.000000 0
260160.000000 0.000000 0
259840.000000 0.000000 0
259520.000000 0.000000 0
259200.000000 0.000000 0
258880.000000 0.000000 0
258560.000000 0.000000 0
258240.000000 0.000000 0
257920.000000 0.000000 0
257600.000000 0.000000 0
257280.000000 0.000000 0
256960.000000 0.000000 0
256640.000000 0.000000 0
256320.000000 0.000000 0
256000.000000 0.000000 0
255680.000000 0.000000 0
255360.000000 0.000000 0
255040.000000 0.000000 0
254720.000000 0.000000 0
254400.000000 0.000000 0
254080.000000 0.000000 0
253760.000000 0.000000 0
253440.000000 0.000000 0
253120.000000 0.000000 0
252800.000000 0.000000 0
252480.000000 0.000000 0
252160.000000 0.000000 0
251840.000000 0.000000 0
251520.000000 0.000000 0
251200.000000 0.000000 0
250880.000000 0.000000 0
250560.000000 0.000000 0
250240.000000 0.000000 0
249920.000000 0.000000 0
249600.000000 0.000000 0
249280.000000 0.000000 0
248960.000000 0.000000 0
248640.000000 0.000000 0
248320.000000 0.000000 0
248000.000000 0.000000 0
247680.000000 0.000000 0
247360.000000 0.000000 0
247040.000000 0.000000 0
246720.000000 0.000000 0
246400.000000 0.000000 0
246080.000000 0.000000 0
245760.000000 0.000000 0
245440.000000 0.000000 0
245120.000000 0.000000 0
244800.000000 0.000000 0
244480.000000 0.000000 0
244160.000000 0.000000 0
243840.000000 0.000000 0
243520.000000 0.000000 0
243200.000000 0.000000 0
242880.000000 0.000000 0
242560.000000 0.000000 0
242240.000000 0.000000 0
241920.000000 0.000000 0
241600.000000 0.000000 0
241280.000000 0.000000 0
240960.000000 0.000000 0
240640.000000 0.000000 0
240320.000000 0.000000 0
240000.000000 0.000000 0
239680.000000 0.000000 0
239360.000000 0.000000 0
239040.000000 0.000000 0
238720.000000 0.000000 0
238400.000000 0.000000 0
238080.000000 0.000000 0
237760.000000 0.000000 0
237440.000000 0.000000 0
237120.000000 0.000000 0
236800.000000 0.000000 0
236480.000000 0.000000 0
236160.000000 0.000000 0
235840.000000 0.000000 0
235520.000000 0.000000 0
235200.000000 0.000000 0
234880.000000 0.000000 0
234560.000000 0.000000 0
234240.000000 0.000000 0
233920.000000 0.000000 0
233600.000000 0.000000 0
233280.000000 0.000000 0
232960.000000 0.000000 0
232640.000000 0.000000 0
232320.000000 0.000000 0
232000.000000 0.000000 0
231680.000000 0.000000 0
231360.000000 0.000000 0
231040.000000 0.000000 0
230720.000000 0.000000 0
230400.000000 0.000000 0
230080.000000 0.000000 0
229760.000000 0.000000 0
229440.000000 0.000000 0
229120.000000 0.000000 0
228800.000000 0.000000 0
228480.000000 0.000000 0
228160.000000 0.000000 0
227840.000000 0.000000 0
227520.000000 0.000000 0
227200.000000 0.000000 0
226880.000000 0.000000 0
226560.000000 0.000000 0
226240.000000 0.000000 0
225920.000000 0.000000 0
225600.000000 0.000000 0
225280.000000 0.000000 0
224960.000000 0.000000 0
224640.000000 0.000000 0
224320.000000 0.000000 0
224000.000000 0.000000 0
223680.000000 0.000000 0
223360.000000 0.000000 0
223040.000000 0.000000 0
222720.000000 0.000000 0
222400.000000 0.000000 0
222080.000000 0.000000 0
221760.000000 0.000000 0
221440.000000 0.000000 0
221120.000000 0.000000 0
220800.000000 0.000000 0
220480.000000 0.000000 0
220160.000000 0.000000 0
219840.000000 0.000000 0
219520.000000 0.000000 0
219200.000000 0.000000 0
218880.000000 0.000000 0
218560.000000 0.000000 0
218240.000000 0.000000 0
217920.000000 0.000000 0
217600.000000 0.000000 0
217280.000000 0.000000 0
216960.000000 0.000000 0
216640.000000 0.000000 0
216320.000000 0.000000 0
216000.000000 0.000000 0
215680.000000 0.000000 0
215360.000000 0.000000 0
215040.000000 0.000000 0
214720.000000 0.000000 0
214400.000000 0.000000 0
214080.000000 0.000000 0
213760.000000 0.000000 0
213440.000000 0.000000 0
213120.000000 0.000000 0
212800.000000 0.000000 0
212480.000000 0.000000 0
212160.000000 0.000000 0
211840.000000 0.000000 0
211520.000000 0.000000 0
211200.000000 0.000000 0
210880.000000 0.000000 0
210560.000000 0.000000 0
210240.000000 0.000000 0
209920.000000 0.000000 0
209600.000000 0.000000 0
209280.000000 0.000000 0
208960.000000 0.000000 0
208640.000000 0.000000 0
208320.000000 0.000000 0
208000.000000 0.000000 0
207680.000000 0.000000 0
207360.000000 0.000000 0
207040.000000 0.000000 0
206720.000000 0.000000 0
206400.000000 0.000000 0
206080.000000 0.000000 0
205760.000000 0.000000 0
205440.000000 0.000000 0
205120.000000 0.000000 0
204800.000000 0.000000 0
204480.000000 0.000000 0
204160.000000 0.000000 0
203840.000000 0.000000 0
203520.000000 0.000000 0
203200.000000 0.000000 0
202880.000000 0.000000 0
202560.000000 0.000000 0
202240.000000 0.000000 0
201920.000000 0.000000 0
201600.000000 0.000000 0
201280.000000 0.000000 0
200960.000000 0.000000 0
200640.000000 0.000000 0
200320.000000 0.000000 0
200000.000000 0.000000 0
199680.000000 0.000000 0
199360.000000 0.000000 0
199040.000000 0.000000 0
198720.000000 0.000000 0
198400.000000 0.000000 0
198080.000000 0.000000 0
197760.000000 0.000000 0
197440.000000 0.000000 0
197120.000000 0.000000 0
196800.000000 0.000000 0
196480.000000 0.000000 0
196160.000000 0.000000 0
195840.000000 0.000000 0
195520.000000 0.000000 0
195200.000000 0.000000 0
194880.000000 0.000000 0
194560.000000 0.000000 0
194240.000000 0.000000 0
193920.000000 0.000000 0
193600.000000 0.000000 0
193280.000000 0.000000 0
192960.000000 0.000000 0
192640.000000 0.000000 0
192320.000000 0.000000 0
192000.000000 0.000000 0
191680.000000 0.000000 0
191360.000000 0.000000 0
191040.000000 0.000000 0
190720.000000 0.000000 0
190400.000000 0.000000 0
190080.000000 0.000000 0
189760.000000 0.000000 0
189440.000000 0.000000 0
189120.000000 0.000000 0
188800.000000 0.000000 0
188480.000000 0.000000 0
188160.000000 0.000000 0
187840.000000 0.000000 0
187520.000000 0.000000 0
187200.000000 0.000000 0
186880.000000 0.000000 0
186560.000000 0.000000 0
186240.000000 0.000000 0
185920.000000 0.000000 0
185600.000000 0.000000 0
185280.000000 0.000000 0
184960.000000 0.000000 0
184640.000000 0.000000 0
184320.000000 0.000000 0
184000.000000 0.000000 0
183680.000000 0.000000 0
183360.000000 0.000000 0
183040.000000 0.000000 0
182720.000000 0.000000 0
182400.000000 0.000000 0
182080.000000 0.000000 0
181760.000000 0.000000 0
181440.000000 0.000000 0
181120.000000 0.000000 0
180800.000000 0.000000 0
180480.000000 0.000000 0
180160.000000 0.000000 0
179840.000000 0.000000 0
179520.000000 0.000000 0
179200.000000 0.000000 0
178880.000000 0.000000 0
178560.000000 0.000000 0
178240.000000 0.000000 0
177920.000000 0.000000 0
177600.000000 0.000000 0
177280.000000 0.000000 0
176960.000000 0.000000 0
176640.000000 0.000000 0
176320.000000 0.000000 0
176000.000000 0.000000 0
175680.000000 0.000000 0
175360.000000 0.000000 0
175040.000000 0.000000 0
174720.000000 0.000000 0
174400.000000 0.000000 0
174080.000000 0.000000 0
173760.000000 0.000000 0
173440.000000 0.000000 0
173120.000000 0.000000 0
172800.000000 0.000000 0
172480.000000 0.000000 0
172160.000000 0.000000 0
171840.000000 0.000000 0
171520.000000 0.000000 0
171200.000000 0.000000 0
170880.000000 0.000000 0
170560.000000 0.000000 0
170240.000000 0.000000 0
169920.000000 0.000000 0
169600.000000 0.000000 0
169280.000000 0.000000 0
168960.000000 0.000000 0
168640.000000 0.000000 0
168320.000000 0.000000 0
168000.000000 0.000000 0
167680.000000 0.000000 0
167360.000000 0.000000 0
167040.000000 0.000000 0
166720.000000 0.000000 0
166400.000000 0.000000 0
166080.000000 0.000000 0
165760.000000 0.000000 0
165440.000000 0.000000 0
165120.000000 0.000000 0
164800.000000 0.000000 0
164480.000000 0.000000 0
164160.000000 0.000000 0
163840.000000 0.000000 0
163520.000000 0.000000 0
163200.000000 0.000000 0
162880.000000 0.000000 0
162560.000000 0.000000 0
162240.000000 0.000000 0
161920.000000 0.000000 0
161600.000000 0.000000 0
161280.000000 0.000000 0
160960.000000 0.000000 0
160640.000000 0.000000 0
160320.000000 0.000000 0
160000.000000 0.000000 0
159680.000000 0.000000 0
159360.000000 0.000000 0
159040.000000 0.000000 0
158720.000000 0.000000 0
158400.000000 0.000000 0
158080.000000 0.000000 0
157760.000000 0.000000 0
157440.000000 0.000000 0
157120.000000 0.000000 0
156800.000000 0.000000 0
156480.000000 0.000000 0
156160.000000 0.000000 0
155840.000000 0.000000 0
155520.000000 0.000000 0
155200.000000 0.000000 0
154880.000000 0.000000 0
154560.000000 0.000000 0
154240.000000 0.000000 0
153920.000000 0.000000 0
153600.000000 0.000000 0
153280.000000 0.000000 0
152960.000000 0.000000 0
152640.000000 0.000000 0
152320.000000 0.000000 0
152000.000000 0.000000 0
151680.000000 0.000000 0
151360.000000 0.000000 0
151040.000000 0.000000 0
150720.000000 0.000000 0
150400.000000 0.000000 0
150080.000000 0.000000 0
149760.000000 0.000000 0
149440.000000 0.000000 0
149120.000000 0.000000 0
148800.000000 0.000000 0
148480.000000 0.000000 0
148160.000000 0.000000 0
147840.000000 0.000000 0
147520.000000 0.000000 0
147200.000000 0.000000 0
146880.000000 0.000000 0
146560.000000 0.000000 0
146240.000000 0.000000 0
145920.000000 0.000000 0
145600.000000 0.000000 0
145280.000000 0.000000 0
144960.000000 0.000000 0
144640.000000 0.000000 0
144320.000000 0.000000 0
144000.000000 0.000000 0
143680.000000 0.000000 0
143360.000000 0.000000 0
143040.000000 0.000000 0
142720.000000 0.000000 0
142400.000000 0.000000 0
142080.000000 0.000000 0
141760.000000 0.000000 0
141440.000000 0.000000 0
141120.000000 0.000000 0
140800.000000 0.000000 0
140480.000000 0.000000 0
140160.000000 0.000000 0
139840.000000 0.000000 0
139520.000000 0.000000 0
139200.000000 0.000000 0
138880.000000 0.000000 0
138560.000000 0.000000 0
138240.000000 0.000000 0
137920.000000 0.000000 0
137600.000000 0.000000 0
137280.000000 0.000000 0
136960.000000 0.000000 0
136640.000000 0.000000 0
136320.000000 0.000000 0
136000.000000 0.000000 0
135680.000000 0.000000 0
135360.000000 0.000000 0
135040.000000 0.000000 0
134720.000000 0.000000 0
134400.000000 0.000000 0
134080.000000 0.000000 0
133760.000000 0.000000 0
133440.000000 0.000000 0
133120.000000 0.000000 0
132800.000000 0.000000 0
132480.000000 0.000000 0
132160.000000 0.000000 0
131840.000000 0.000000 0
131520.000000 0.000000 0
131200.000000 0.000000 0
130880.000000 0.000000 0
130560.000000 0.000000 0
130240.000000 0.000000 0
129920.000000 0.000000 0
129600.000000 0.000000 0
129280.000000 0.000000 0
128960.000000 0.000000 0
128640.000000 0.000000 0
128320.000000 0.000000 0
128000.000000 0.000000 0
127680.000000 0.000000 0
127360.000000 0.000000 0
127040.000000 0.000000 0
126720.000000 0.000000 0
126400.000000 0.000000 0
126080.000000 0.000000 0
125760.000000 0.000000 0
125440.000000 0.000000 0
125120.000000 0.000000 0
124800.000000 0.000000 0
124480.000000 0.000000 0
124160.000000 0.000000 0
123840.000000 0.000000 0
123520.000000 0.000000 0
123200.000000 0.000000 0
122880.000000 0.000000 0
122560.000000 0.000000 0
122240.000000 0.000000 0
121920.000000 0.000000 0
121600.000000 0.000000 0
121280.000000 0.000000 0
120960.000000 0.000000 0
120640.000000 0.000000 0
120320.000000 0.000000 0
120000.000000 0.000000 0
119680.000000 0.000000 0
119360.000000 0.000000 0
119040.000000 0.000000 0
118720.000000 0.000000 0
118400.000000 0.000000 0
118080.000000 0.000000 0
117760.000000 0.000000 0
117440.000000 0.000000 0
117120.000000 0.000000 0
116800.000000 0.000000 0
116480.000000 0.000000 0
116160.000000 0.000000 0
115840.000000 0.000000 0
115520.000000 0.000000 0
115200.000000 0.000000 0
114880.000000 0.000000 0
114560.000000 0.000000 0
114240.000000 0.000000 0
113920.000000 0.000000 0
113600.000000 0.000000 0
113280.000000 0.000000 0
112960.000000 0.000000 0
112640.000000 0.000000 0
112320.000000 0.000000 0
112000.000000 0.000000 0
111680.000000 0.000000 0
111360.000000 0.000000 0
111040.000000 0.000000 0
110720.000000 0.000000 0
110400.000000 0.000000 0
110080.000000 0.000000 0
109760.000000 0.000000 0
109440.000000 0.000000 0
109120.000000 0.000000 0
108800.000000 0.000000 0
108480.000000 0.000000 0
108160.000000 0.000000 0
107840.000000 0.000000 0
107520.000000 0.000000 0
107200.000000 0.000000 0
106880.000000 0.000000 0
106560.000000 0.000000 0
106240.000000 0.000000 0
105920.000000 0.000000 0
105600.000000 0.000000 0
105280.000000 0.000000 0
104960.000000 0.000000 0
104640.000000 0.000000 0
104320.000000 0.000000 0
104000.000000 0.000000 0
103680.000000 0.000000 0
103360.000000 0.000000 0
103040.000000 0.000000 0
102720.000000 0.000000 0
102400.000000 0.000000 0
102080.000000 0.000000 0
101760.000000 0.000000 0
101440.000000 0.000000 0
101120.000000 0.000000 0
100800.000000 0.000000 0
100480.000000 0.000000 0
100160.000000 0.000000 0
99840.000000 0.000000 0
99520.000000 0.000000 0
99200.000000 0.000000 0
98880.000000 0.000000 0
98560.000000 0.000000 0
98240.000000 0.000000 0
97920.000000 0.000000 0
97600.000000 0.000000 0
97280.000000 0.000000 0
96960.000000 0.000000 0
96640.000000 0.000000 0
96320.000000 0.000000 0
96000.000000 0.000000 0
95680.000000 0.000000 0
95360.000000 0.000000 0
95040.000000 0.000000 0
94720.000000 0.000000 0
94400.000000 0.000000 0
94080.000000 0.000000 0
93760.000000 0.000000 0
93440.000000 0.000000 0
93120.000000 0.000000 0
92800.000000 0.000000 0
92480.000000 0.000000 0
92160.000000 0.000000 0
91840.000000 0.000000 0
91520.000000 0.000000 0
91200.000000 0.000000 0
90880.000000 0.000000 0
90560.000000 0.000000 0
90240.000000 0.000000 0
89920.000000 0.000000 0
89600.000000 0.000000 0
89280.000000 0.000000 0
88960.000000 0.000000 0
88640.000000 0.000000 0
88320.000000 0.000000 0
88000.000000 0.000000 0
87680.000000 0.000000 0
87360.000000 0.000000 0
87040.000000 0.000000 0
86720.000000 0.000000 0
86400.000000 0.000000 0
86080.000000 0.000000 0
85760.000000 0.000000 0
85440.000000 0.000000 0
85120.000000 0.000000 0
84800.000000 0.000000 0
84480.000000 0.000000 0
84160.000000 0.000000 0
83840.000000 0.000000 0
83520.000000 0.000000 0
83200.000000 0.000000 0
82880.000000 0.000000 0
82560.000000 0.000000 0
82240.000000 0.000000 0
81920.000000 0.000000 0
81600.000000 0.000000 0
81280.000000 0.000000 0
80960.000000 0.000000 0
80640.000000 0.000000 0
80320.000000 0.000000 0
80000.000000 0.000000 0
79680.000000 0.000000 0
79360.000000 0.000000 0
79040.000000 0.000000 0
78720.000000 0.000000 0
78400.000000 0.000000 0
78080.000000 0.000000 0
77760.000000 0.000000 0
77440.000000 0.000000 0
77120.000000 0.000000 0
76800.000000 0.000000 0
76480.000000 0.000000 0
76160.000000 0.000000 0
75840.000000 0.000000 0
75520.000000 0.000000 0
75200.000000 0.000000 0
74880.000000 0.000000 0
74560.000000 0.000000 0
74240.000000 0.000000 0
73920.000000 0.000000 0
73600.000000 0.000000 0
73280.000000 0.000000 0
72960.000000 0.000000 0
72640.000000 0.000000 0
72320.000000 0.000000 0
72000.000000 0.000000 0
71680.000000 0.000000 0
71360.000000 0.000000 0
71040.000000 0.000000 0
70720.000000 0.000000 0
70400.000000 0.000000 0
70080.000000 0.000000 0
69760.000000 0.000000 0
69440.000000 0.000000 0
69120.000000 0.000000 0
68800.000000 0.000000 0
68480.000000 0.000000 0
68160.000000 0.000000 0
67840.000000 0.000000 0
67520.000000 0.000000 0
67200.000000 0.000000 0
66880.000000 0.000000 0
66560.000000 0.000000 0
66240.000000 0.000000 0
65920.000000 0.000000 0
65600.000000 0.000000 0
65280.000000 0.000000 0
64960.000000 0.000000 0
64640.000000 0.000000 0
64320.000000 0.000000 0
64000.000000 0.000000 0
63680.000000 0.000000 0
63360.000000 0.000000 0
63040.000000 0.000000 0
62720.000000 0.000000 0
62400.000000 0.000000 0
62080.000000 0.000000 0
61760.000000 0.000000 0
61440.000000 0.000000 0
61120.000000 0.000000 0
60800.000000 0.000000 0
60480.000000 0.000000 0
60160.000000 0.000000 0
59840.000000 0.000000 0
59520.000000 0.000000 0
59200.000000 0.000000 0
58880.000000 0.000000 0
58560.000000 0.000000 0
58240.000000 0.000000 0
57920.000000 0.000000 0
57600.000000 0.000000 0
57280.000000 0.000000 0
56960.000000 0.000000 0
56640.000000 0.000000 0
56320.000000 0.000000 0
56000.000000 0.000000 0
55680.000000 0.000000 0
55360.000000 0.000000 0
55040.000000 0.000000 0
54720.000000 0.000000 0
54400.000000 0.000000 0
54080.000000 0.000000 0
53760.000000 0.000000 0
53440.000000 0.000000 0
53120.000000 0.000000 0
52800.000000 0.000000 0
52480.000000 0.000000 0
52160.000000 0.000000 0
51840.000000 0.000000 0
51520.000000 0.000000 0
51200.000000 0.000000 0
50880.000000 0.000000 0
50560.000000 0.000000 0
50240.000000 0.000000 0
49920.000000 0.000000 0
49600.000000 0.000000 0
49280.000000 0.000000 0
48960.000000 0.000000 0
48640.000000 0.000000 0
48320.000000 0.000000 0
48000.000000 0.000000 0
47680.000000 0.000000 0
47360.000000 0.000000 0
47040.000000 0.000000 0
46720.000000 0.000000 0
46400.000000 0.000000 0
46080.000000 0.000000 0
45760.000000 0.000000 0
45440.000000 0.000000 0
45120.000000 0.000000 0
44800.000000 0.000000 0
44480.000000 0.000000 0
44160.000000 0.000000 0
43840.000000 0.000000 0
43520.000000 0.000000 0
43200.000000 0.000000 0
42880.000000 0.000000 0
42560.000000 0.000000 0
42240.000000 0.000000 0
41920.000000 0.000000 0
41600.000000 0.000000 0
41280.000000 0.000000 0
40960.000000 0.000000 0
40640.000000 0.000000 0
40320.000000 0.000000 0
40000.000000 0.000000 0
39680.000000 0.000000 0
39360.000000 0.000000 0
39040.000000 0.000000 0
38720.000000 0.000000 0
38400.000000 0.000000 0
38080.000000 0.000000 0
37760.000000 0.000000 0
37440.000000 0.000000 0
37120.000000 0.000000 0
36800.000000 0.000000 0
36480.000000 0.000000 0
36160.000000 0.000000 0
35840.000000 0.000000 0
35520.000000 0.000000 0
35200.000000 0.000000 0
34880.000000 0.000000 0
34560.000000 0.000000 0
34240.000000 0.000000 0
33920.000000 0.000000 0
33600.000000 0.000000 0
33280.000000 0.000000 0
32960.000000 0.000000 0
32640.000000 0.000000 0
32320.000000 0.000000 0
32000.000000 0.000000 0
31680.000000 0.000000 0
31360.000000 0.000000 0
31040.000000 0.000000 0
30720.000000 0.000000 0
30400.000000 0.000000 0
30080.000000 0.000000 0
29760.000000 0.000000 0
29440.000000 0.000000 0
29120.000000 0.000000 0
28800.000000 0.000000 0
28480.000000 0.000000 0
28160.000000 0.000000 0
27840.000000 0.000000 0
27520.000000 0.000000 0
27200.000000 0.000000 0
26880.000000 0.000000 0
26560.000000 0.000000 0
26240.000000 0.000000 0
25920.000000 0.000000 0
25600.000000 0.000000 0
25280.000000 0.000000 0
24960.000000 0.000000 0
24640.000000 0.000000 0
24320.000000 0.000000 0
24000.000000 0.000000 0
23680.000000 0.000000 0
23360.000000 0.000000 0
23040.000000 0.000000 0
22720.000000 0.000000 0
22400.000000 0.000000 0
22080.000000 0.000000 0
21760.000000 0.000000 0
21440.000000 0.000000 0
21120.000000 0.000000 0
20800.000000 0.000000 0
20480.000000 0.000000 0
20160.000000 0.000000 0
19840.000000 0.000000 0
19520.000000 0.000000 0
19200.000000 0.000000 0
18880.000000 0.000000 0
18560.000000 0.000000 0
18240.000000 0.000000 0
17920.000000 0.000000 0
17600.000000 0.000000 0
17280.000000 0.000000 0
16960.000000 0.000000 0
16640.000000 0.000000 0
16320.000000 0.000000 0
16000.000000 0.000000 0
15680.000000 0.000000 0
15360.000000 0.000000 0
15040.000000 0.000000 0
14720.000000 0.000000 0
14400.000000 0.000000 0
14080.000000 0.000000 0
13760.000000 0.000000 0
13440.000000 0.000000 0
13120.000000 0.000000 0
12800.000000 0.000000 0
12480.000000 0.000000 0
12160.000000 0.000000 0
11840.000000 0.000000 0
11520.000000 0.000000 0
11200.000000 0.000000 0
10880.000000 0.000000 0
10560.000000 0.000000 0
10240.000000 0.000000 0
9920.000000 0.000000 0
9600.000000 0.000000 0
9280.000000 0.000000 0
8960.000000 0.000000 0
8640.000000 0.000000 0
8320.000000 0.000000 0
8000.000000 0.000000 0
7680.000000 0.000000 0
7360.000000 0.000000 0
7040.000000 0.000000 0
6720.000000 0.000000 0
6400.000000 0.000000 0
6080.000000 0.000000 0
5760.000000 0.000000 0
5440.000000 0.000000 0
5120.000000 0.000000 0
4800.000000 0.000000 0
4480.000000 0.000000 0
4160.000000 0.000000 0
3840.000000 0.000000 0
3520.000000 0.000000 0
3200.000000 0.000000 0
2880.000000 0.000000 0
2560.000000 0.000000 0
2240.000000 0.000000 0
1920.000000 0.000000 0
1600.000000 0.000000 0
1280.000000 0.000000 0
960.000000 0.000000 0
640.000000 0.000000 0
320.000000 0.000000 0
0.000000 0.000000 0
2502
0 1 0
1 2 0
2 3 0
3 4 0
4 5 0
5 6 0
6 7 0
7 8 0
8 9 0
9 10 0
10 11 0
11 12 0
12 13 0
13 14 0
14 15 0
15 16 0
16 17 0
17 18 0
18 19 0
19 20 0
20 21 0
21 22 0
22 23 0
23 24 0
24 25 0
25 26 0
26 27 0
27 28 0
28 29 0
29 30 0
30 31 0
31 32 0
32 33 0
33 34 0
34 35 0
35 36 0
36 37 0
37 38 0
38 39 0
39 40 0
40 41 0
41 42 0
42 43 0
43 44 0
44 45 0
45 46 0
46 47 0
47 48 0
48 49 0
49 50 0
50 51 0
51 52 0
52 53 0
53 54 0
54 55 0
55 56 0
56 57 0
57 58 0
58 59 0
59 60 0
60 61 0
61 62 0
62 63 0
63 64 0
64 65 0
65 66 0
66 67 0
67 68 0
68 69 0
69 70 0
70 71 0
71 72 0
72 73 0
73 74 0
74 75 0
75 76 0
76 77 0
77 78 0
78 79 0
79 80 0
80 81 0
81 82 0
82 83 0
83 84 0
84 85 0
85 86 0
86 87 0
87 88 0
88 89 0
89 90 0
90 91 0
91 92 0
92 93 0
93 94 0
94 95 0
95 96 0
96 97 0
97 98 0
98 99 0
99 100 0
100 101 0
101 102 0
102 103 0
103 104 0
104 105 0
105 106 0
106 107 0
107 108 0
108 109 0
109 110 0
110 111 0
111 112 0
112 113 0
113 114 0
114 115 0
115 116 0
116 117 0
117 118 0
118 119 0
119 120 0
120 121 0
121 122 0
122 123 0
123 124 0
124 125 0
125 126 0
126 127 0
127 128 0
128 129 0
129 130 0
130 131 0
131 132 0
132 133 0
133 134 0
134 135 0
135 136 0
136 137 0
137 138 0
138 139 0
139 140 0
140 141 0
141 142 0
142 143 0
143 144 0
144 145 0
145 146 0
146 147 0
147 148 0
148 149 0
149 150 0
150 151 0
151 152 0
152 153 0
153 154 0
154 155 0
155 156 0
156 157 0
157 158 0
158 159 0
159 160 0
160 161 0
161 162 0
162 163 0
163 164 0
164 165 0
165 166 0
166 167 0
167 168 0
168 169 0
169 170 0
170 171 0
171 172 0
172 173 0
173 174 0
174 175 0
175 176 0
176 177 0
177 178 0
178 179 0
179 180 0
180 181 0
181 182 0
182 183 0
183 184 0
184 185 0
185 186 0
186 187 0
187 188 0
188 189 0
189 190 0
190 191 0
191 192 0
192 193 0
193 194 0
194 195 0
195 196 0
196 197 0
197 198 0
198 199 0
199 200 0
200 201 0
201 202 0
202 203 0
203 204 0
204 205 0
205 206 0
206 207 0
207 208 0
208 209 0
209 210 0
210 211 0
211 212 0
212 213 0
213 214 0
214 215 0
215 216 0
216 217 0
217 218 0
218 219 0
219 220 0
220 221 0
221 222 0
222 223 0
223 224 0
224 225 0
225 226 0
226 227 0
227 228 0
228 229 0
229 230 0
230 231 0
231 232 0
232 233 0
233 234 0
234 235 0
235 236 0
236 237 0
237 238 0
238 239 0
239 240 0
240 241 0
241 242 0
242 243 0
243 244 0
244 245 0
245 246 0
246 247 0
247 248 0
248 249 0
249 250 0
250 251 0
251 252 0
252 253 0
253 254 0
254 255 0
255 256 0
256 257 0
257 258 0
258 259 0
259 260 0
260 261 0
261 262 0
262 263 0
263 264 0
264 265 0
265 266 0
266 267 0
267 268 0
268 269 0
269 270 0
270 271 0
271 272 0
272 273 0
273 274 0
274 275 0
275 276 0
276 277 0
277 278 0
278 279 0
279 280 0
280 281 0
281 282 0
282 283 0
283 284 0
284 285 0
285 286 0
286 287 0
287 288 0
288 289 0
289 290 0
290 291 0
291 292 0
292 293 0
293 294 0
294 295 0
295 296 0
296 297 0
297 298 0
298 299 0
299 300 0
300 301 0
301 302 0
302 303 0
303 304 0
304 305 0
305 306 0
306 307 0
307 308 0
308 309 0
309 310 0
310 311 0
311 312 0
312 313 0
313 314 0
314 315 0
315 316 0
316 317 0
317 318 0
318 319 0
319 320 0
320 321 0
321 322 0
322 323 0
323 324 0
324 325 0
325 326 0
326 327 0
327 328 0
328 329 0
329 330 0
330 331 0
331 332 0
332 333 0
333 334 0
334 335 0
335 336 0
336 337 0
337 338 0
338 339 0
339 340 0
340 341 0
341 342 0
342 343 0
343 344 0
344 345 0
345 346 0
346 347 0
347 348 0
348 349 0
349 350 0
350 351 0
351 352 0
352 353 0
353 354 0
354 355 0
355 356 0
356 357 0
357 358 0
358 359 0
359 360 0
360 361 0
361 362 0
362 363 0
363 364 0
364 365 0
365 366 0
366 367 0
367 368 0
368 369 0
369 370 0
370 371 0
371 372 0
372 373 0
373 374 0
374 375 0
375 376 0
376 377 0
377 378 0
378 379 0
379 380 0
380 381 0
381 382 0
382 383 0
383 384 0
384 385 0
385 386 0
386 387 0
387 388 0
388 389 0
389 390 0
390 391 0
391 392 0
392 393 0
393 394 0
394 395 0
395 396 0
396 397 0
397 398 0
398 399 0
399 400 0
400 401 0
401 402 0
402 403 0
403 404 0
404 405 0
405 406 0
406 407 0
407 408 0
408 409 0
409 410 0
410 411 0
411 412 0
412 413 0
413 414 0
414 415 0
415 416 0
416 417 0
417 418 0
418 419 0
419 420 0
420 421 0
421 422 0
422 423 0
423 424 0
424 425 0
425 426 0
426 427 0
427 428 0
428 429 0
429 430 0
430 431 0
431 432 0
432 433 0
433 434 0
434 435 0
435 436 0
436 437 0
437 438 0
438 439 0
439 440 0
440 441 0
441 442 0
442 443 0
443 444 0
444 445 0
445 446 0
446 447 0
447 448 0
448 449 0
449 450 0
450 451 0
451 452 0
452 453 0
453 454 0
454 455 0
455 456 0
456 457 0
457 458 0
458 459 0
459 460 0
460 461 0
461 462 0
462 463 0
463 464 0
464 465 0
465 466 0
466 467 0
467 468 0
468 469 0
469 470 0
470 471 0
471 472 0
472 473 0
473 474 0
474 475 0
475 476 0
476 477 0
477 478 0
478 479 0
479 480 0
480 481 0
481 482 0
482 483 0
483 484 0
484 485 0
485 486 0
486 487 0
487 488 0
488 489 0
489 490 0
490 491 0
491 492 0
492 493 0
493 494 0
494 495 0
495 496 0
496 497 0
497 498 0
498 499 0
499 500 0
500 501 0
501 502 0
502 503 0
503 504 0
504 505 0
505 506 0
506 507 0
507 508 0
508 509 0
509 510 0
510 511 0
511 512 0
512 513 0
513 514 0
514 515 0
515 516 0
516 517 0
517 518 0
518 519 0
519 520 0
520 521 0
521 522 0
522 523 0
523 524 0
524 525 0
525 526 0
526 527 0
527 528 0
528 529 0
529 530 0
530 531 0
531 532 0
532 533 0
533 534 0
534 535 0
535 536 0
536 537 0
537 538 0
538 539 0
539 540 0
540 541 0
541 542 0
542 543 0
543 544 0
544 545 0
545 546 0
546 547 0
547 548 0
548 549 0
549 550 0
550 551 0
551 552 0
552 553 0
553 554 0
554 555 0
555 556 0
556 557 0
557 558 0
558 559 0
559 560 0
560 561 0
561 562 0
562 563 0
563 564 0
564 565 0
565 566 0
566 567 0
567 568 0
568 569 0
569 570 0
570 571 0
571 572 0
572 573 0
573 574 0
574 575 0
575 576 0
576 577 0
577 578 0
578 579 0
579 580 0
580 581 0
581 582 0
582 583 0
583 584 0
584 585 0
585 586 0
586 587 0
587 588 0
588 589 0
589 590 0
590 591 0
591 592 0
592 593 0
593 594 0
594 595 0
595 596 0
596 597 0
597 598 0
598 599 0
599 600 0
600 601 0
601 602 0
602 603 0
603 604 0
604 605 0
605 606 0
606 607 0
607 608 0
608 609 0
609 610 0
610 611 0
611 612 0
612 613 0
613 614 0
614 615 0
615 616 0
616 617 0
617 618 0
618 619 0
619 620 0
620 621 0
621 622 0
622 623 0
623 624 0
624 625 0
625 626 0
626 627 0
627 628 0
628 629 0
629 630 0
630 631 0
631 632 0
632 633 0
633 634 0
634 635 0
635 636 0
636 637 0
637 638 0
638 639 0
639 640 0
640 641 0
641 642 0
642 643 0
643 644 0
644 645 0
645 646 0
646 647 0
647 648 0
648 649 0
649 650 0
650 651 0
651 652 0
652 653 0
653 654 0
654 655 0
655 656 0
656 657 0
657 658 0
658 659 0
659 660 0
660 661 0
661 662 0
662 663 0
663 664 0
664 665 0
665 666 0
666 667 0
667 668 0
668 669 0
669 670 0
670 671 0
671 672 0
672 673 0
673 674 0
674 675 0
675 676 0
676 677 0
677 678 0
678 679 0
679 680 0
680 681 0
681 682 0
682 683 0
683 684 0
684 685 0
685 686 0
686 687 0
687 688 0
688 689 0
689 690 0
690 691 0
691 692 0
692 693 0
693 694 0
694 695 0
695 696 0
696 697 0
697 698 0
698 699 0
699 700 0
700 701 0
701 702 0
702 703 0
703 704 0
704 705 0
705 706 0
706 707 0
707 708 0
708 709 0
709 710 0
710 711 0
711 712 0
712 713 0
713 714 0
714 715 0
715 716 0
716 717 0
717 718 0
718 719 0
719 720 0
720 721 0
721 722 0
722 723 0
723 724 0
724 725 0
725 726 0
726 727 0
727 728 0
728 729 0
729 730 0
730 731 0
731 732 0
732 733 0
733 734 0
734 735 0
735 736 0
736 737 0
737 738 0
738 739 0
739 740 0
740 741 0
741 742 0
742 743 0
743 744 0
744 745 0
745 746 0
746 747 0
747 748 0
748 749 0
749 750 0
750 751 0
751 752 0
752 753 0
753 754 0
754 755 0
755 756 0
756 757 0
757 758 0
758 759 0
759 760 0
760 761 0
761 762 0
762 763 0
763 764 0
764 765 0
765 766 0
766 767 0
767 768 0
768 769 0
769 770 0
770 771 0
771 772 0
772 773 0
773 774 0
774 775 0
775 776 0
776 777 0
777 778 0
778 779 0
779 780 0
780 781 0
781 782 0
782 783 0
783 784 0
784 785 0
785 786 0
786 787 0
787 788 0
788 789 0
789 790 0
790 791 0
791 792 0
792 793 0
793 794 0
794 795 0
795 796 0
796 797 0
797 798 0
798 799 0
799 800 0
800 801 0
801 802 0
802 803 0
803 804 0
804 805 0
805 806 0
806 807 0
807 808 0
808 809 0
809 810 0
810 811 0
811 812 0
812 813 0
813 814 0
814 815 0
815 816 0
816 817 0
817 818 0
818 819 0
819 820 0
820 821 0
821 822 0
822 823 0
823 824 0
824 825 0
825 826 0
826 827 0
827 828 0
828 829 0
829 830 0
830 831 0
831 832 0
832 833 0
833 834 0
834 835 0
835 836 0
836 837 0
837 838 0
838 839 0
839 840 0
840 841 0
841 842 0
842 843 0
843 844 0
844 845 0
845 846 0
846 847 0
847 848 0
848 849 0
849 850 0
850 851 0
851 852 0
852 853 0
853 854 0
854 855 0
855 856 0
856 857 0
857 858 0
858 859 0
859 860 0
860 861 0
861 862 0
862 863 0
863 864 0
864 865 0
865 866 0
866 867 0
867 868 0
868 869 0
869 870 0
870 871 0
871 872 0
872 873 0
873 874 0
874 875 0
875 876 0
876 877 0
877 878 0
878 879 0
879 880 0
880 881 0
881 882 0
882 883 0
883 884 0
884 885 0
885 886 0
886 887 0
887 888 0
888 889 0
889 890 0
890 891 0
891 892 0
892 893 0
893 894 0
894 895 0
895 896 0
896 897 0
897 898 0
898 899 0
899 900 0
900 901 0
901 902 0
902 903 0
903 904 0
904 905 0
905 906 0
906 907 0
907 908 0
908 909 0
909 910 0
910 911 0
911 912 0
912 913 0
913 914 0
914 915 0
915 916 0
916 917 0
917 918 0
918 919 0
919 920 0
920 921 0
921 922 0
922 923 0
923 924 0
924 925 0
925 926 0
926 927 0
927 928 0
928 929 0
929 930 0
930 931 0
931 932 0
932 933 0
933 934 0
934 935 0
935 936 0
936 937 0
937 938 0
938 939 0
939 940 0
940 941 0
941 942 0
942 943 0
943 944 0
944 945 0
945 946 0
946 947 0
947 948 0
948 949 0
949 950 0
950 951 0
951 952 0
952 953 0
953 954 0
954 955 0
955 956 0
956 957 0
957 958 0
958 959 0
959 960 0
960 961 0
961 962 0
962 963 0
963 964 0
964 965 0
965 966 0
966 967 0
967 968 0
968 969 0
969 970 0
970 971 0
971 972 0
972 973 0
973 974 0
974 975 0
975 976 0
976 977 0
977 978 0
978 979 0
979 980 0
980 981 0
981 982 0
982 983 0
983 984 0
984 985 0
985 986 0
986 987 0
987 988 0
988 989 0
989 990 0
990 991 0
991 992 0
992 993 0
993 994 0
994 995 0
995 996 0
996 997 0
997 998 0
998 999 0
999 1000 0
1000 1001 0
1001 1002 0
1002 1003 0
1003 1004 0
1004 1005 0
1005 1006 0
1006 1007 0
1007 1008 0
1008 1009 0
1009 1010 0
1010 1011 0
1011 1012 0
1012 1013 0
1013 1014 0
1014 1015 0
1015 1016 0
1016 1017 0
1017 1018 0
1018 1019 0
1019 1020 0
1020 1021 0
1021 1022 0
1022 1023 0
1023 1024 0
1024 1025 0
1025 1026 0
1026 1027 0
1027 1028 0
1028 1029 0
1029 1030 0
1030 1031 0
1031 1032 0
1032 1033 0
1033 1034 0
1034 1035 0
1035 1036 0
1036 1037 0
1037 1038 0
1038 1039 0
1039 1040 0
1040 1041 0
1041 1042 0
1042 1043 0
1043 1044 0
1044 1045 0
1045 1046 0
1046 1047 0
1047 1048 0
1048 1049 0
1049 1050 0
1050 1051 0
1051 1052 0
1052 1053 0
1053 1054 0
1054 1055 0
1055 1056 0
1056 1057 0
1057 1058 0
1058 1059 0
1059 1060 0
1060 1061 0
1061 1062 0
1062 1063 0
1063 1064 0
1064 1065 0
1065 1066 0
1066 1067 0
1067 1068 0
1068 1069 0
1069 1070 0
1070 1071 0
1071 1072 0
1072 1073 0
1073 1074 0
1074 1075 0
1075 1076 0
1076 1077 0
1077 1078 0
1078 1079 0
1079 1080 0
1080 1081 0
1081 1082 0
1082 1083 0
1083 1084 0
1084 1085 0
1085 1086 0
1086 1087 0
1087 1088 0
1088 1089 0
1089 1090 0
1090 1091 0
1091 1092 0
1092 1093 0
1093 1094 0
1094 1095 0
1095 1096 0
1096 1097 0
1097 1098 0
1098 1099 0
1099 1100 0
1100 1101 0
1101 1102 0
1102 1103 0
1103 1104 0
1104 1105 0
1105 1106 0
1106 1107 0
1107 1108 0
1108 1109 0
1109 1110 0
1110 1111 0
1111 1112 0
1112 1113 0
1113 1114 0
1114 1115 0
1115 1116 0
1116 1117 0
1117 1118 0
1118 1119 0
1119 1120 0
1120 1121 0
1121 1122 0
1122 1123 0
1123 1124 0
1124 1125 0
1125 1126 0
1126 1127 0
1127 1128 0
1128 1129 0
1129 1130 0
1130 1131 0
1131 1132 0
1132 1133 0
1133 1134 0
1134 1135 0
1135 1136 0
1136 1137 0
1137 1138 0
1138 1139 0
1139 1140 0
1140 1141 0
1141 1142 0
1142 1143 0
1143 1144 0
1144 1145 0
1145 1146 0
1146 1147 0
1147 1148 0
1148 1149 0
1149 1150 0
1150 1151 0
1151 1152 0
1152 1153 0
1153 1154 0
1154 1155 0
1155 1156 0
1156 1157 0
1157 1158 0
1158 1159 0
1159 1160 0
1160 1161 0
1161 1162 0
1162 1163 0
1163 1164 0
1164 1165 0
1165 1166 0
1166 1167 0
1167 1168 0
1168 1169 0
1169 1170 0
1170 1171 0
1171 1172 0
1172 1173 0
1173 1174 0
1174 1175 0
1175 1176 0
1176 1177 0
1177 1178 0
1178 1179 0
1179 1180 0
1180 1181 0
1181 1182 0
1182 1183 0
1183 1184 0
1184 1185 0
1185 1186 0
1186 1187 0
1187 1188 0
1188 1189 0
1189 1190 0
1190 1191 0
1191 1192 0
1192 1193 0
1193 1194 0
1194 1195 0
1195 1196 0
1196 1197 0
1197 1198 0
1198 1199 0
1199 1200 0
1200 1201 0
1201 1202 0
1202 1203 0
1203 1204 0
1204 1205 0
1205 1206 0
1206 1207 0
1207 1208 0
1208 1209 0
1209 1210 0
1210 1211 0
1211 1212 0
1212 1213 0
1213 1214 0
1214 1215 0
1215 1216 0
1216 1217 0
1217 1218 0
1218 1219 0
1219 1220 0
1220 1221 0
1221 1222 0
1222 1223 0
1223 1224 0
1224 1225 0
1225 1226 0
1226 1227 0
1227 1228 0
1228 1229 0
1229 1230 0
1230 1231 0
1231 1232 0
1232 1233 0
1233 1234 0
1234 1235 0
1235 1236 0
1236 1237 0
1237 1238 0
1238 1239 0
1239 1240 0
1240 1241 0
1241 1242 0
1242 1243 0
1243 1244 0
1244 1245 0
1245 1246 0
1246 1247 0
1247 1248 0
1248 1249 0
1249 1250 0
1250 1251 1
1251 1252 0
1252 1253 0
1253 1254 0
1254 1255 0
1255 1256 0
1256 1257 0
1257 1258 0
1258 1259 0
1259 1260 0
1260 1261 0
1261 1262 0
1262 1263 0
1263 1264 0
1264 1265 0
1265 1266 0
1266 1267 0
1267 1268 0
1268 1269 0
1269 1270 0
1270 1271 0
1271 1272 0
1272 1273 0
1273 1274 0
1274 1275 0
1275 1276 0
1276 1277 0
1277 1278 0
1278 1279 0
1279 1280 0
1280 1281 0
1281 1282 0
1282 1283 0
1283 1284 0
1284 1285 0
1285 1286 0
1286 1287 0
1287 1288 0
1288 1289 0
1289 1290 0
1290 1291 0
1291 1292 0
1292 1293 0
1293 1294 0
1294 1295 0
1295 1296 0
1296 1297 0
1297 1298 0
1298 1299 0
1299 1300 0
1300 1301 0
1301 1302 0
1302 1303 0
1303 1304 0
1304 1305 0
1305 1306 0
1306 1307 0
1307 1308 0
1308 1309 0
1309 1310 0
1310 1311 0
1311 1312 0
1312 1313 0
1313 1314 0
1314 1315 0
1315 1316 0
1316 1317 0
1317 1318 0
1318 1319 0
1319 1320 0
1320 1321 0
1321 1322 0
1322 1323 0
1323 1324 0
1324 1325 0
1325 1326 0
1326 1327 0
1327 1328 0
1328 1329 0
1329 1330 0
1330 1331 0
1331 1332 0
1332 1333 0
1333 1334 0
1334 1335 0
1335 1336 0
1336 1337 0
1337 1338 0
1338 1339 0
1339 1340 0
1340 1341 0
1341 1342 0
1342 1343 0
1343 1344 0
1344 1345 0
1345 1346 0
1346 1347 0
1347 1348 0
1348 1349 0
1349 1350 0
1350 1351 0
1351 1352 0
1352 1353 0
1353 1354 0
1354 1355 0
1355 1356 0
1356 1357 0
1357 1358 0
1358 1359 0
1359 1360 0
1360 1361 0
1361 1362 0
1362 1363 0
1363 1364 0
1364 1365 0
1365 1366 0
1366 1367 0
1367 1368 0
1368 1369 0
1369 1370 0
1370 1371 0
1371 1372 0
1372 1373 0
1373 1374 0
1374 1375 0
1375 1376 0
1376 1377 0
1377 1378 0
1378 1379 0
1379 1380 0
1380 1381 0
1381 1382 0
1382 1383 0
1383 1384 0
1384 1385 0
1385 1386 0
1386 1387 0
1387 1388 0
1388 1389 0
1389 1390 0
1390 1391 0
1391 1392 0
1392 1393 0
1393 1394 0
1394 1395 0
1395 1396 0
1396 1397 0
1397 1398 0
1398 1399 0
1399 1400 0
1400 1401 0
1401 1402 0
1402 1403 0
1403 1404 0
1404 1405 0
1405 1406 0
1406 1407 0
1407 1408 0
1408 1409 0
1409 1410 0
1410 1411 0
1411 1412 0
1412 1413 0
1413 1414 0
1414 1415 0
1415 1416 0
1416 1417 0
1417 1418 0
1418 1419 0
1419 1420 0
1420 1421 0
1421 1422 0
1422 1423 0
1423 1424 0
1424 1425 0
1425 1426 0
1426 1427 0
1427 1428 0
1428 1429 0
1429 1430 0
1430 1431 0
1431 1432 0
1432 1433 0
1433 1434 0
1434 1435 0
1435 1436 0
1436 1437 0
1437 1438 0
1438 1439 0
1439 1440 0
1440 1441 0
1441 1442 0
1442 1443 0
1443 1444 0
1444 1445 0
1445 1446 0
1446 1447 0
1447 1448 0
1448 1449 0
1449 1450 0
1450 1451 0
1451 1452 0
1452 1453 0
1453 1454 0
1454 1455 0
1455 1456 0
1456 1457 0
1457 1458 0
1458 1459 0
1459 1460 0
1460 1461 0
1461 1462 0
1462 1463 0
1463 1464 0
1464 1465 0
1465 1466 0
1466 1467 0
1467 1468 0
1468 1469 0
1469 1470 0
1470 1471 0
1471 1472 0
1472 1473 0
1473 1474 0
1474 1475 0
1475 1476 0
1476 1477 0
1477 1478 0
1478 1479 0
1479 1480 0
1480 1481 0
1481 1482 0
1482 1483 0
1483 1484 0
1484 1485 0
1485 1486 0
1486 1487 0
1487 1488 0
1488 1489 0
1489 1490 0
1490 1491 0
1491 1492 0
1492 1493 0
1493 1494 0
1494 1495 0
1495 1496 0
1496 1497 0
1497 1498 0
1498 1499 0
1499 1500 0
1500 1501 0
1501 1502 0
1502 1503 0
1503 1504 0
1504 1505 0
1505 1506 0
1506 1507 0
1507 1508 0
1508 1509 0
1509 1510 0
1510 1511 0
1511 1512 0
1512 1513 0
1513 1514 0
1514 1515 0
1515 1516 0
1516 1517 0
1517 1518 0
1518 1519 0
1519 1520 0
1520 1521 0
1521 1522 0
1522 1523 0
1523 1524 0
1524 1525 0
1525 1526 0
1526 1527 0
1527 1528 0
1528 1529 0
1529 1530 0
1530 1531 0
1531 1532 0
1532 1533 0
1533 1534 0
1534 1535 0
1535 1536 0
1536 1537 0
1537 1538 0
1538 1539 0
1539 1540 0
1540 1541 0
1541 1542 0
1542 1543 0
1543 1544 0
1544 1545 0
1545 1546 0
1546 1547 0
1547 1548 0
1548 1549 0
1549 1550 0
1550 1551 0
1551 1552 0
1552 1553 0
1553 1554 0
1554 1555 0
1555 1556 0
1556 1557 0
1557 1558 0
1558 1559 0
1559 1560 0
1560 1561 0
1561 1562 0
1562 1563 0
1563 1564 0
1564 1565 0
1565 1566 0
1566 1567 0
1567 1568 0
1568 1569 0
1569 1570 0
1570 1571 0
1571 1572 0
1572 1573 0
1573 1574 0
1574 1575 0
1575 1576 0
1576 1577 0
1577 1578 0
1578 1579 0
1579 1580 0
1580 1581 0
1581 1582 0
1582 1583 0
1583 1584 0
1584 1585 0
1585 1586 0
1586 1587 0
1587 1588 0
1588 1589 0
1589 1590 0
1590 1591 0
1591 1592 0
1592 1593 0
1593 1594 0
1594 1595 0
1595 1596 0
1596 1597 0
1597 1598 0
1598 1599 0
1599 1600 0
1600 1601 0
1601 1602 0
1602 1603 0
1603 1604 0
1604 1605 0
1605 1606 0
1606 1607 0
1607 1608 0
1608 1609 0
1609 1610 0
1610 1611 0
1611 1612 0
1612 1613 0
1613 1614 0
1614 1615 0
1615 1616 0
1616 1617 0
1617 1618 0
1618 1619 0
1619 1620 0
1620 1621 0
1621 1622 0
1622 1623 0
1623 1624 0
1624 1625 0
1625 1626 0
1626 1627 0
1627 1628 0
1628 1629 0
1629 1630 0
1630 1631 0
1631 1632 0
1632 1633 0
1633 1634 0
1634 1635 0
1635 1636 0
1636 1637 0
1637 1638 0
1638 1639 0
1639 1640 0
1640 1641 0
1641 1642 0
1642 1643 0
1643 1644 0
1644 1645 0
1645 1646 0
1646 1647 0
1647 1648 0
1648 1649 0
1649 1650 0
1650 1651 0
1651 1652 0
1652 1653 0
1653 1654 0
1654 1655 0
1655 1656 0
1656 1657 0
1657 1658 0
1658 1659 0
1659 1660 0
1660 1661 0
1661 1662 0
1662 1663 0
1663 1664 0
1664 1665 0
1665 1666 0
1666 1667 0
1667 1668 0
1668 1669 0
1669 1670 0
1670 1671 0
1671 1672 0
1672 1673 0
1673 1674 0
1674 1675 0
1675 1676 0
1676 1677 0
1677 1678 0
1678 1679 0
1679 1680 0
1680 1681 0
1681 1682 0
1682 1683 0
1683 1684 0
1684 1685 0
1685 1686 0
1686 1687 0
1687 1688 0
1688 1689 0
1689 1690 0
1690 1691 0
1691 1692 0
1692 1693 0
1693 1694 0
1694 1695 0
1695 1696 0
1696 1697 0
1697 1698 0
1698 1699 0
1699 1700 0
1700 1701 0
1701 1702 0
1702 1703 0
1703 1704 0
1704 1705 0
1705 1706 0
1706 1707 0
1707 1708 0
1708 1709 0
1709 1710 0
1710 1711 0
1711 1712 0
1712 1713 0
1713 1714 0
1714 1715 0
1715 1716 0
1716 1717 0
1717 1718 0
1718 1719 0
1719 1720 0
1720 1721 0
1721 1722 0
1722 1723 0
1723 1724 0
1724 1725 0
1725 1726 0
1726 1727 0
1727 1728 0
1728 1729 0
1729 1730 0
1730 1731 0
1731 1732 0
1732 1733 0
1733 1734 0
1734 1735 0
1735 1736 0
1736 1737 0
1737 1738 0
1738 1739 0
1739 1740 0
1740 1741 0
1741 1742 0
1742 1743 0
1743 1744 0
1744 1745 0
1745 1746 0
1746 1747 0
1747 1748 0
1748 1749 0
1749 1750 0
1750 1751 0
1751 1752 0
1752 1753 0
1753 1754 0
1754 1755 0
1755 1756 0
1756 1757 0
1757 1758 0
1758 1759 0
1759 1760 0
1760 1761 0
1761 1762 0
1762 1763 0
1763 1764 0
1764 1765 0
1765 1766 0
1766 1767 0
1767 1768 0
1768 1769 0
1769 1770 0
1770 1771 0
1771 1772 0
1772 1773 0
1773 1774 0
1774 1775 0
1775 1776 0
1776 1777 0
1777 1778 0
1778 1779 0
1779 1780 0
1780 1781 0
1781 1782 0
1782 1783 0
1783 1784 0
1784 1785 0
1785 1786 0
1786 1787 0
1787 1788 0
1788 1789 0
1789 1790 0
1790 1791 0
1791 1792 0
1792 1793 0
1793 1794 0
1794 1795 0
1795 1796 0
1796 1797 0
1797 1798 0
1798 1799 0
1799 1800 0
1800 1801 0
1801 1802 0
1802 1803 0
1803 1804 0
1804 1805 0
1805 1806 0
1806 1807 0
1807 1808 0
1808 1809 0
1809 1810 0
1810 1811 0
1811 1812 0
1812 1813 0
1813 1814 0
1814 1815 0
1815 1816 0
1816 1817 0
1817 1818 0
1818 1819 0
1819 1820 0
1820 1821 0
1821 1822 0
1822 1823 0
1823 1824 0
1824 1825 0
1825 1826 0
1826 1827 0
1827 1828 0
1828 1829 0
1829 1830 0
1830 1831 0
1831 1832 0
1832 1833 0
1833 1834 0
1834 1835 0
1835 1836 0
1836 1837 0
1837 1838 0
1838 1839 0
1839 1840 0
1840 1841 0
1841 1842 0
1842 1843 0
1843 1844 0
1844 1845 0
1845 1846 0
1846 1847 0
1847 1848 0
1848 1849 0
1849 1850 0
1850 1851 0
1851 1852 0
1852 1853 0
1853 1854 0
1854 1855 0
1855 1856 0
1856 1857 0
1857 1858 0
1858 1859 0
1859 1860 0
1860 1861 0
1861 1862 0
1862 1863 0
1863 1864 0
1864 1865 0
1865 1866 0
1866 1867 0
1867 1868 0
1868 1869 0
1869 1870 0
1870 1871 0
1871 1872 0
1872 1873 0
1873 1874 0
1874 1875 0
1875 1876 0
1876 1877 0
1877 1878 0
1878 1879 0
1879 1880 0
1880 1881 0
1881 1882 0
1882 1883 0
1883 1884 0
1884 1885 0
1885 1886 0
1886 1887 0
1887 1888 0
1888 1889 0
1889 1890 0
1890 1891 0
1891 1892 0
1892 1893 0
1893 1894 0
1894 1895 0
1895 1896 0
1896 1897 0
1897 1898 0
1898 1899 0
1899 1900 0
1900 1901 0
1901 1902 0
1902 1903 0
1903 1904 0
1904 1905 0
1905 1906 0
1906 1907 0
1907 1908 0
1908 1909 0
1909 1910 0
1910 1911 0
1911 1912 0
1912 1913 0
1913 1914 0
1914 1915 0
1915 1916 0
1916 1917 0
1917 1918 0
1918 1919 0
1919 1920 0
1920 1921 0
1921 1922 0
1922 1923 0
1923 1924 0
1924 1925 0
1925 1926 0
1926 1927 0
1927 1928 0
1928 1929 0
1929 1930 0
1930 1931 0
1931 1932 0
1932 1933 0
1933 1934 0
1934 1935 0
1935 1936 0
1936 1937 0
1937 1938 0
1938 1939 0
1939 1940 0
1940 1941 0
1941 1942 0
1942 1943 0
1943 1944 0
1944 1945 0
1945 1946 0
1946 1947 0
1947 1948 0
1948 1949 0
1949 1950 0
1950 1951 0
1951 1952 0
1952 1953 0
1953 1954 0
1954 1955 0
1955 1956 0
1956 1957 0
1957 1958 0
1958 1959 0
1959 1960 0
1960 1961 0
1961 1962 0
1962 1963 0
1963 1964 0
1964 1965 0
1965 1966 0
1966 1967 0
1967 1968 0
1968 1969 0
1969 1970 0
1970 1971 0
1971 1972 0
1972 1973 0
1973 1974 0
1974 1975 0
1975 1976 0
1976 1977 0
1977 1978 0
1978 1979 0
1979 1980 0
1980 1981 0
1981 1982 0
1982 1983 0
1983 1984 0
1984 1985 0
1985 1986 0
1986 1987 0
1987 1988 0
1988 1989 0
1989 1990 0
1990 1991 0
1991 1992 0
1992 1993 0
1993 1994 0
1994 1995 0
1995 1996 0
1996 1997 0
1997 1998 0
1998 1999 0
1999 2000 0
2000 2001 0
2001 2002 0
2002 2003 0
2003 2004 0
2004 2005 0
2005 2006 0
2006 2007 0
2007 2008 0
2008 2009 0
2009 2010 0
2010 2011 0
2011 2012 0
2012 2013 0
2013 2014 0
2014 2015 0
2015 2016 0
2016 2017 0
2017 2018 0
2018 2019 0
2019 2020 0
2020 2021 0
2021 2022 0
2022 2023 0
2023 2024 0
2024 2025 0
2025 2026 0
2026 2027 0
2027 2028 0
2028 2029 0
2029 2030 0
2030 2031 0
2031 2032 0
2032 2033 0
2033 2034 0
2034 2035 0
2035 2036 0
2036 2037 0
2037 2038 0
2038 2039 0
2039 2040 0
2040 2041 0
2041 2042 0
2042 2043 0
2043 2044 0
2044 2045 0
2045 2046 0
2046 2047 0
2047 2048 0
2048 2049 0
2049 2050 0
2050 2051 0
2051 2052 0
2052 2053 0
2053 2054 0
2054 2055 0
2055 2056 0
2056 2057 0
2057 2058 0
2058 2059 0
2059 2060 0
2060 2061 0
2061 2062 0
2062 2063 0
2063 2064 0
2064 2065 0
2065 2066 0
2066 2067 0
2067 2068 0
2068 2069 0
2069 2070 0
2070 2071 0
2071 2072 0
2072 2073 0
2073 2074 0
2074 2075 0
2075 2076 0
2076 2077 0
2077 2078 0
2078 2079 0
2079 2080 0
2080 2081 0
2081 2082 0
2082 2083 0
2083 2084 0
2084 2085 0
2085 2086 0
2086 2087 0
2087 2088 0
2088 2089 0
2089 2090 0
2090 2091 0
2091 2092 0
2092 2093 0
2093 2094 0
2094 2095 0
2095 2096 0
2096 2097 0
2097 2098 0
2098 2099 0
2099 2100 0
2100 2101 0
2101 2102 0
2102 2103 0
2103 2104 0
2104 2105 0
2105 2106 0
2106 2107 0
2107 2108 0
2108 2109 0
2109 2110 0
2110 2111 0
2111 2112 0
2112 2113 0
2113 2114 0
2114 2115 0
2115 2116 0
2116 2117 0
2117 2118 0
2118 2119 0
2119 2120 0
2120 2121 0
2121 2122 0
2122 2123 0
2123 2124 0
2124 2125 0
2125 2126 0
2126 2127 0
2127 2128 0
2128 2129 0
2129 2130 0
2130 2131 0
2131 2132 0
2132 2133 0
2133 2134 0
2134 2135 0
2135 2136 0
2136 2137 0
2137 2138 0
2138 2139 0
2139 2140 0
2140 2141 0
2141 2142 0
2142 2143 0
2143 2144 0
2144 2145 0
2145 2146 0
2146 2147 0
2147 2148 0
2148 2149 0
2149 2150 0
2150 2151 0
2151 2152 0
2152 2153 0
2153 2154 0
2154 2155 0
2155 2156 0
2156 2157 0
2157 2158 0
2158 2159 0
2159 2160 0
2160 2161 0
2161 2162 0
2162 2163 0
2163 2164 0
2164 2165 0
2165 2166 0
2166 2167 0
2167 2168 0
2168 2169 0
2169 2170 0
2170 2171 0
2171 2172 0
2172 2173 0
2173 2174 0
2174 2175 0
2175 2176 0
2176 2177 0
2177 2178 0
2178 2179 0
2179 2180 0
2180 2181 0
2181 2182 0
2182 2183 0
2183 2184 0
2184 2185 0
2185 2186 0
2186 2187 0
2187 2188 0
2188 2189 0
2189 2190 0
2190 2191 0
2191 2192 0
2192 2193 0
2193 2194 0
2194 2195 0
2195 2196 0
2196 2197 0
2197 2198 0
2198 2199 0
2199 2200 0
2200 2201 0
2201 2202 0
2202 2203 0
2203 2204 0
2204 2205 0
2205 2206 0
2206 2207 0
2207 2208 0
2208 2209 0
2209 2210 0
2210 2211 0
2211 2212 0
2212 2213 0
2213 2214 0
2214 2215 0
2215 2216 0
2216 2217 0
2217 2218 0
2218 2219 0
2219 2220 0
2220 2221 0
2221 2222 0
2222 2223 0
2223 2224 0
2224 2225 0
2225 2226 0
2226 2227 0
2227 2228 0
2228 2229 0
2229 2230 0
2230 2231 0
2231 2232 0
2232 2233 0
2233 2234 0
2234 2235 0
2235 2236 0
2236 2237 0
2237 2238 0
2238 2239 0
2239 2240 0
2240 2241 0
2241 2242 0
2242 2243 0
2243 2244 0
2244 2245 0
2245 2246 0
2246 2247 0
2247 2248 0
2248 2249 0
2249 2250 0
2250 2251 0
2251 2252 0
2252 2253 0
2253 2254 0
2254 2255 0
2255 2256 0
2256 2257 0
2257 2258 0
2258 2259 0
2259 2260 0
2260 2261 0
2261 2262 0
2262 2263 0
2263 2264 0
2264 2265 0
2265 2266 0
2266 2267 0
2267 2268 0
2268 2269 0
2269 2270 0
2270 2271 0
2271 2272 0
2272 2273 0
2273 2274 0
2274 2275 0
2275 2276 0
2276 2277 0
2277 2278 0
2278 2279 0
2279 2280 0
2280 2281 0
2281 2282 0
2282 2283 0
2283 2284 0
2284 2285 0
2285 2286 0
2286 2287 0
2287 2288 0
2288 2289 0
2289 2290 0
2290 2291 0
2291 2292 0
2292 2293 0
2293 2294 0
2294 2295 0
2295 2296 0
2296 2297 0
2297 2298 0
2298 2299 0
2299 2300 0
2300 2301 0
2301 2302 0
2302 2303 0
2303 2304 0
2304 2305 0
2305 2306 0
2306 2307 0
2307 2308 0
2308 2309 0
2309 2310 0
2310 2311 0
2311 2312 0
2312 2313 0
2313 2314 0
2314 2315 0
2315 2316 0
2316 2317 0
2317 2318 0
2318 2319 0
2319 2320 0
2320 2321 0
2321 2322 0
2322 2323 0
2323 2324 0
2324 2325 0
2325 2326 0
2326 2327 0
2327 2328 0
2328 2329 0
2329 2330 0
2330 2331 0
2331 2332 0
2332 2333 0
2333 2334 0
2334 2335 0
2335 2336 0
2336 2337 0
2337 2338 0
2338 2339 0
2339 2340 0
2340 2341 0
2341 2342 0
2342 2343 0
2343 2344 0
2344 2345 0
2345 2346 0
2346 2347 0
2347 2348 0
2348 2349 0
2349 2350 0
2350 2351 0
2351 2352 0
2352 2353 0
2353 2354 0
2354 2355 0
2355 2356 0
2356 2357 0
2357 2358 0
2358 2359 0
2359 2360 0
2360 2361 0
2361 2362 0
2362 2363 0
2363 2364 0
2364 2365 0
2365 2366 0
2366 2367 0
2367 2368 0
2368 2369 0
2369 2370 0
2370 2371 0
2371 2372 0
2372 2373 0
2373 2374 0
2374 2375 0
2375 2376 0
2376 2377 0
2377 2378 0
2378 2379 0
2379 2380 0
2380 2381 0
2381 2382 0
2382 2383 0
2383 2384 0
2384 2385 0
2385 2386 0
2386 2387 0
2387 2388 0
2388 2389 0
2389 2390 0
2390 2391 0
2391 2392 0
2392 2393 0
2393 2394 0
2394 2395 0
2395 2396 0
2396 2397 0
2397 2398 0
2398 2399 0
2399 2400 0
2400 2401 0
2401 2402 0
2402 2403 0
2403 2404 0
2404 2405 0
2405 2406 0
2406 2407 0
2407 2408 0
2408 2409 0
2409 2410 0
2410 2411 0
2411 2412 0
2412 2413 0
2413 2414 0
2414 2415 0
2415 2416 0
2416 2417 0
2417 2418 0
2418 2419 0
2419 2420 0
2420 2421 0
2421 2422 0
2422 2423 0
2423 2424 0
2424 2425 0
2425 2426 0
2426 2427 0
2427 2428 0
2428 2429 0
2429 2430 0
2430 2431 0
2431 2432 0
2432 2433 0
2433 2434 0
2434 2435 0
2435 2436 0
2436 2437 0
2437 2438 0
2438 2439 0
2439 2440 0
2440 2441 0
2441 2442 0
2442 2443 0
2443 2444 0
2444 2445 0
2445 2446 0
2446 2447 0
2447 2448 0
2448 2449 0
2449 2450 0
2450 2451 0
2451 2452 0
2452 2453 0
2453 2454 0
2454 2455 0
2455 2456 0
2456 2457 0
2457 2458 0
2458 2459 0
2459 2460 0
2460 2461 0
2461 2462 0
2462 2463 0
2463 2464 0
2464 2465 0
2465 2466 0
2466 2467 0
2467 2468 0
2468 2469 0
2469 2470 0
2470 2471 0
2471 2472 0
2472 2473 0
2473 2474 0
2474 2475 0
2475 2476 0
2476 2477 0
2477 2478 0
2478 2479 0
2479 2480 0
2480 2481 0
2481 2482 0
2482 2483 0
2483 2484 0
2484 2485 0
2485 2486 0
2486 2487 0
2487 2488 0
2488 2489 0
2489 2490 0
2490 2491 0
2491 2492 0
2492 2493 0
2493 2494 0
2494 2495 0
2495 2496 0
2496 2497 0
2497 2498 0
2498 2499 0
2499 2500 0
2500 2501 0
2501 0 2
0
88681.001348
