4	50	500	701	702	1	0	-1	1	-1	-1
4	150	500	702	703	2	1	-1	2	-1	0
4	250	500	703	704	3	2	-1	3	-1	1
4	350	500	704	705	4	3	-1	4	-1	2
4	450	500	705	706	5	4	-1	5	-1	3
4	550	500	706	707	6	5	-1	6	-1	4
4	650	500	707	708	7	6	-1	7	-1	5
4	750	500	708	709	8	7	-1	8	-1	6
4	850	500	709	710	9	8	-1	9	-1	7
4	950	500	710	711	10	9	-1	10	-1	8
4	1050	500	711	712	11	10	-1	11	-1	9
4	1150	500	712	713	12	11	-1	12	-1	10
4	1250	500	713	714	13	12	-1	13	-1	11
4	1350	500	714	715	14	13	-1	14	-1	12
4	1450	500	715	716	15	14	-1	15	-1	13
4	1550	500	716	717	16	15	-1	16	-1	14
4	1650	500	717	718	17	16	-1	17	-1	15
4	1750	500	718	719	18	17	-1	18	-1	16
4	1850	500	719	720	19	18	-1	19	-1	17
4	1950	500	720	721	20	19	-1	20	-1	18
4	2050	500	721	722	21	20	-1	21	-1	19
4	2150	500	722	723	22	21	-1	22	-1	20
4	2250	500	723	724	23	22	-1	23	-1	21
4	2350	500	724	725	24	23	-1	24	-1	22
4	2450	500	725	726	25	24	-1	25	-1	23
4	2550	500	726	727	26	25	-1	26	-1	24
4	2650	500	727	728	27	26	-1	27	-1	25
4	2750	500	728	729	28	27	-1	28	-1	26
4	2850	500	729	730	29	28	-1	29	-1	27
4	2950	500	730	731	30	29	-1	30	-1	28
4	3050	500	731	732	31	30	-1	31	-1	29
4	3150	500	732	733	32	31	-1	32	-1	30
4	3250	500	733	734	33	32	-1	33	-1	31
4	3350	500	734	735	34	33	-1	34	-1	32
4	3450	500	735	736	35	34	-1	35	-1	33
4	3550	500	736	737	36	35	-1	36	-1	34
4	3650	500	737	738	37	36	-1	37	-1	35
4	3750	500	738	739	38	37	-1	38	-1	36
4	3850	500	739	740	39	38	-1	39	-1	37
4	3950	500	740	741	40	39	-1	40	-1	38
4	4050	500	741	742	41	40	-1	41	-1	39
4	4150	500	742	743	42	41	-1	42	-1	40
4	4250	500	743	744	43	42	-1	43	-1	41
4	4350	500	744	745	44	43	-1	44	-1	42
4	4450	500	745	746	45	44	-1	45	-1	43
4	4550	500	746	747	46	45	-1	46	-1	44
4	4650	500	747	748	47	46	-1	47	-1	45
4	4750	500	748	749	48	47	-1	48	-1	46
4	4850	500	749	750	49	48	-1	49	-1	47
4	4950	500	750	751	50	49	-1	50	-1	48
4	5050	500	751	752	51	50	-1	51	-1	49
4	5150	500	752	753	52	51	-1	52	-1	50
4	5250	500	753	754	53	52	-1	53	-1	51
4	5350	500	754	755	54	53	-1	54	-1	52
4	5450	500	755	756	55	54	-1	55	-1	53
4	5550	500	756	757	56	55	-1	56	-1	54
4	5650	500	757	758	57	56	-1	57	-1	55
4	5750	500	758	759	58	57	-1	58	-1	56
4	5850	500	759	760	59	58	-1	59	-1	57
4	5950	500	760	761	60	59	-1	60	-1	58
4	6050	500	761	762	61	60	-1	61	-1	59
4	6150	500	762	763	62	61	-1	62	-1	60
4	6250	500	763	764	63	62	-1	63	-1	61
4	6350	500	764	765	64	63	-1	64	-1	62
4	6450	500	765	766	65	64	-1	65	-1	63
4	6550	500	766	767	66	65	-1	66	-1	64
4	6650	500	767	768	67	66	-1	67	-1	65
4	6750	500	768	769	68	67	-1	68	-1	66
4	6850	500	769	770	69	68	-1	69	-1	67
4	6950	500	770	771	70	69	-1	70	-1	68
4	7050	500	771	772	71	70	-1	71	-1	69
4	7150	500	772	773	72	71	-1	72	-1	70
4	7250	500	773	774	73	72	-1	73	-1	71
4	7350	500	774	775	74	73	-1	74	-1	72
4	7450	500	775	776	75	74	-1	75	-1	73
4	7550	500	776	777	76	75	-1	76	-1	74
4	7650	500	777	778	77	76	-1	77	-1	75
4	7750	500	778	779	78	77	-1	78	-1	76
4	7850	500	779	780	79	78	-1	79	-1	77
4	7950	500	780	781	80	79	-1	80	-1	78
4	8050	500	781	782	81	80	-1	81	-1	79
4	8150	500	782	783	82	81	-1	82	-1	80
4	8250	500	783	784	83	82	-1	83	-1	81
4	8350	500	784	785	84	83	-1	84	-1	82
4	8450	500	785	786	85	84	-1	85	-1	83
4	8550	500	786	787	86	85	-1	86	-1	84
4	8650	500	787	788	87	86	-1	87	-1	85
4	8750	500	788	789	88	87	-1	88	-1	86
4	8850	500	789	790	89	88	-1	89	-1	87
4	8950	500	790	791	90	89	-1	90	-1	88
4	9050	500	791	792	91	90	-1	91	-1	89
4	9150	500	792	793	92	91	-1	92	-1	90
4	9250	500	793	794	93	92	-1	93	-1	91
4	9350	500	794	795	94	93	-1	94	-1	92
4	9450	500	795	796	95	94	-1	95	-1	93
4	9550	500	796	797	96	95	-1	96	-1	94
4	9650	500	797	798	97	96	-1	97	-1	95
4	9750	500	798	799	98	97	-1	98	-1	96
4	9850	500	799	800	99	98	-1	99	-1	97
4	9950	500	800	801	100	99	-1	100	-1	98
4	10050	500	801	802	101	100	-1	101	-1	99
4	10150	500	802	803	102	101	-1	102	-1	100
4	10250	500	803	804	103	102	-1	103	-1	101
4	10350	500	804	805	104	103	-1	104	-1	102
4	10450	500	805	806	105	104	-1	105	-1	103
4	10550	500	806	807	106	105	-1	106	-1	104
4	10650	500	807	808	107	106	-1	107	-1	105
4	10750	500	808	809	108	107	-1	108	-1	106
4	10850	500	809	810	109	108	-1	109	-1	107
4	10950	500	810	811	110	109	-1	110	-1	108
4	11050	500	811	812	111	110	-1	111	-1	109
4	11150	500	812	813	112	111	-1	112	-1	110
4	11250	500	813	814	113	112	-1	113	-1	111
4	11350	500	814	815	114	113	-1	114	-1	112
4	11450	500	815	816	115	114	-1	115	-1	113
4	11550	500	816	817	116	115	-1	116	-1	114
4	11650	500	817	818	117	116	-1	117	-1	115
4	11750	500	818	819	118	117	-1	118	-1	116
4	11850	500	819	820	119	118	-1	119	-1	117
4	11950	500	820	821	120	119	-1	120	-1	118
4	12050	500	821	822	121	120	-1	121	-1	119
4	12150	500	822	823	122	121	-1	122	-1	120
4	12250	500	823	824	123	122	-1	123	-1	121
4	12350	500	824	825	124	123	-1	124	-1	122
4	12450	500	825	826	125	124	-1	125	-1	123
4	12550	500	826	827	126	125	-1	126	-1	124
4	12650	500	827	828	127	126	-1	127	-1	125
4	12750	500	828	829	128	127	-1	128	-1	126
4	12850	500	829	830	129	128	-1	129	-1	127
4	12950	500	830	831	130	129	-1	130	-1	128
4	13050	500	831	832	131	130	-1	131	-1	129
4	13150	500	832	833	132	131	-1	132	-1	130
4	13250	500	833	834	133	132	-1	133	-1	131
4	13350	500	834	835	134	133	-1	134	-1	132
4	13450	500	835	836	135	134	-1	135	-1	133
4	13550	500	836	837	136	135	-1	136	-1	134
4	13650	500	837	838	137	136	-1	137	-1	135
4	13750	500	838	839	138	137	-1	138	-1	136
4	13850	500	839	840	139	138	-1	139	-1	137
4	13950	500	840	841	140	139	-1	140	-1	138
4	14050	500	841	842	141	140	-1	141	-1	139
4	14150	500	842	843	142	141	-1	142	-1	140
4	14250	500	843	844	143	142	-1	143	-1	141
4	14350	500	844	845	144	143	-1	144	-1	142
4	14450	500	845	846	145	144	-1	145	-1	143
4	14550	500	846	847	146	145	-1	146	-1	144
4	14650	500	847	848	147	146	-1	147	-1	145
4	14750	500	848	849	148	147	-1	148	-1	146
4	14850	500	849	850	149	148	-1	149	-1	147
4	14950	500	850	851	150	149	-1	150	-1	148
4	15050	500	851	852	151	150	-1	151	-1	149
4	15150	500	852	853	152	151	-1	152	-1	150
4	15250	500	853	854	153	152	-1	153	-1	151
4	15350	500	854	855	154	153	-1	154	-1	152
4	15450	500	855	856	155	154	-1	155	-1	153
4	15550	500	856	857	156	155	-1	156	-1	154
4	15650	500	857	858	157	156	-1	157	-1	155
4	15750	500	858	859	158	157	-1	158	-1	156
4	15850	500	859	860	159	158	-1	159	-1	157
4	15950	500	860	861	160	159	-1	160	-1	158
4	16050	500	861	862	161	160	-1	161	-1	159
4	16150	500	862	863	162	161	-1	162	-1	160
4	16250	500	863	864	163	162	-1	163	-1	161
4	16350	500	864	865	164	163	-1	164	-1	162
4	16450	500	865	866	165	164	-1	165	-1	163
4	16550	500	866	867	166	165	-1	166	-1	164
4	16650	500	867	868	167	166	-1	167	-1	165
4	16750	500	868	869	168	167	-1	168	-1	166
4	16850	500	869	870	169	168	-1	169	-1	167
4	16950	500	870	871	170	169	-1	170	-1	168
4	17050	500	871	872	171	170	-1	171	-1	169
4	17150	500	872	873	172	171	-1	172	-1	170
4	17250	500	873	874	173	172	-1	173	-1	171
4	17350	500	874	875	174	173	-1	174	-1	172
4	17450	500	875	876	175	174	-1	175	-1	173
4	17550	500	876	877	176	175	-1	176	-1	174
4	17650	500	877	878	177	176	-1	177	-1	175
4	17750	500	878	879	178	177	-1	178	-1	176
4	17850	500	879	880	179	178	-1	179	-1	177
4	17950	500	880	881	180	179	-1	180	-1	178
4	18050	500	881	882	181	180	-1	181	-1	179
4	18150	500	882	883	182	181	-1	182	-1	180
4	18250	500	883	884	183	182	-1	183	-1	181
4	18350	500	884	885	184	183	-1	184	-1	182
4	18450	500	885	886	185	184	-1	185	-1	183
4	18550	500	886	887	186	185	-1	186	-1	184
4	18650	500	887	888	187	186	-1	187	-1	185
4	18750	500	888	889	188	187	-1	188	-1	186
4	18850	500	889	890	189	188	-1	189	-1	187
4	18950	500	890	891	190	189	-1	190	-1	188
4	19050	500	891	892	191	190	-1	191	-1	189
4	19150	500	892	893	192	191	-1	192	-1	190
4	19250	500	893	894	193	192	-1	193	-1	191
4	19350	500	894	895	194	193	-1	194	-1	192
4	19450	500	895	896	195	194	-1	195	-1	193
4	19550	500	896	897	196	195	-1	196	-1	194
4	19650	500	897	898	197	196	-1	197	-1	195
4	19750	500	898	899	198	197	-1	198	-1	196
4	19850	500	899	900	199	198	-1	199	-1	197
4	19950	500	900	901	200	199	-1	200	-1	198
4	20050	500	901	902	201	200	-1	201	-1	199
4	20150	500	902	903	202	201	-1	202	-1	200
4	20250	500	903	904	203	202	-1	203	-1	201
4	20350	500	904	905	204	203	-1	204	-1	202
4	20450	500	905	906	205	204	-1	205	-1	203
4	20550	500	906	907	206	205	-1	206	-1	204
4	20650	500	907	908	207	206	-1	207	-1	205
4	20750	500	908	909	208	207	-1	208	-1	206
4	20850	500	909	910	209	208	-1	209	-1	207
4	20950	500	910	911	210	209	-1	210	-1	208
4	21050	500	911	912	211	210	-1	211	-1	209
4	21150	500	912	913	212	211	-1	212	-1	210
4	21250	500	913	914	213	212	-1	213	-1	211
4	21350	500	914	915	214	213	-1	214	-1	212
4	21450	500	915	916	215	214	-1	215	-1	213
4	21550	500	916	917	216	215	-1	216	-1	214
4	21650	500	917	918	217	216	-1	217	-1	215
4	21750	500	918	919	218	217	-1	218	-1	216
4	21850	500	919	920	219	218	-1	219	-1	217
4	21950	500	920	921	220	219	-1	220	-1	218
4	22050	500	921	922	221	220	-1	221	-1	219
4	22150	500	922	923	222	221	-1	222	-1	220
4	22250	500	923	924	223	222	-1	223	-1	221
4	22350	500	924	925	224	223	-1	224	-1	222
4	22450	500	925	926	225	224	-1	225	-1	223
4	22550	500	926	927	226	225	-1	226	-1	224
4	22650	500	927	928	227	226	-1	227	-1	225
4	22750	500	928	929	228	227	-1	228	-1	226
4	22850	500	929	930	229	228	-1	229	-1	227
4	22950	500	930	931	230	229	-1	230	-1	228
4	23050	500	931	932	231	230	-1	231	-1	229
4	23150	500	932	933	232	231	-1	232	-1	230
4	23250	500	933	934	233	232	-1	233	-1	231
4	23350	500	934	935	234	233	-1	234	-1	232
4	23450	500	935	936	235	234	-1	235	-1	233
4	23550	500	936	937	236	235	-1	236	-1	234
4	23650	500	937	938	237	236	-1	237	-1	235
4	23750	500	938	939	238	237	-1	238	-1	236
4	23850	500	939	940	239	238	-1	239	-1	237
4	23950	500	940	941	240	239	-1	240	-1	238
4	24050	500	941	942	241	240	-1	241	-1	239
4	24150	500	942	943	242	241	-1	242	-1	240
4	24250	500	943	944	243	242	-1	243	-1	241
4	24350	500	944	945	244	243	-1	244	-1	242
4	24450	500	945	946	245	244	-1	245	-1	243
4	24550	500	946	947	246	245	-1	246	-1	244
4	24650	500	947	948	247	246	-1	247	-1	245
4	24750	500	948	949	248	247	-1	248	-1	246
4	24850	500	949	950	249	248	-1	249	-1	247
4	24950	500	950	951	250	249	-1	250	-1	248
4	25050	500	951	952	251	250	-1	251	-1	249
4	25150	500	952	953	252	251	-1	252	-1	250
4	25250	500	953	954	253	252	-1	253	-1	251
4	25350	500	954	955	254	253	-1	254	-1	252
4	25450	500	955	956	255	254	-1	255	-1	253
4	25550	500	956	957	256	255	-1	256	-1	254
4	25650	500	957	958	257	256	-1	257	-1	255
4	25750	500	958	959	258	257	-1	258	-1	256
4	25850	500	959	960	259	258	-1	259	-1	257
4	25950	500	960	961	260	259	-1	260	-1	258
4	26050	500	961	962	261	260	-1	261	-1	259
4	26150	500	962	963	262	261	-1	262	-1	260
4	26250	500	963	964	263	262	-1	263	-1	261
4	26350	500	964	965	264	263	-1	264	-1	262
4	26450	500	965	966	265	264	-1	265	-1	263
4	26550	500	966	967	266	265	-1	266	-1	264
4	26650	500	967	968	267	266	-1	267	-1	265
4	26750	500	968	969	268	267	-1	268	-1	266
4	26850	500	969	970	269	268	-1	269	-1	267
4	26950	500	970	971	270	269	-1	270	-1	268
4	27050	500	971	972	271	270	-1	271	-1	269
4	27150	500	972	973	272	271	-1	272	-1	270
4	27250	500	973	974	273	272	-1	273	-1	271
4	27350	500	974	975	274	273	-1	274	-1	272
4	27450	500	975	976	275	274	-1	275	-1	273
4	27550	500	976	977	276	275	-1	276	-1	274
4	27650	500	977	978	277	276	-1	277	-1	275
4	27750	500	978	979	278	277	-1	278	-1	276
4	27850	500	979	980	279	278	-1	279	-1	277
4	27950	500	980	981	280	279	-1	280	-1	278
4	28050	500	981	982	281	280	-1	281	-1	279
4	28150	500	982	983	282	281	-1	282	-1	280
4	28250	500	983	984	283	282	-1	283	-1	281
4	28350	500	984	985	284	283	-1	284	-1	282
4	28450	500	985	986	285	284	-1	285	-1	283
4	28550	500	986	987	286	285	-1	286	-1	284
4	28650	500	987	988	287	286	-1	287	-1	285
4	28750	500	988	989	288	287	-1	288	-1	286
4	28850	500	989	990	289	288	-1	289	-1	287
4	28950	500	990	991	290	289	-1	290	-1	288
4	29050	500	991	992	291	290	-1	291	-1	289
4	29150	500	992	993	292	291	-1	292	-1	290
4	29250	500	993	994	293	292	-1	293	-1	291
4	29350	500	994	995	294	293	-1	294	-1	292
4	29450	500	995	996	295	294	-1	295	-1	293
4	29550	500	996	997	296	295	-1	296	-1	294
4	29650	500	997	998	297	296	-1	297	-1	295
4	29750	500	998	999	298	297	-1	298	-1	296
4	29850	500	999	1000	299	298	-1	299	-1	297
4	29950	500	1000	1001	300	299	-1	300	-1	298
4	30050	500	1001	1002	301	300	-1	301	-1	299
4	30150	500	1002	1003	302	301	-1	302	-1	300
4	30250	500	1003	1004	303	302	-1	303	-1	301
4	30350	500	1004	1005	304	303	-1	304	-1	302
4	30450	500	1005	1006	305	304	-1	305	-1	303
4	30550	500	1006	1007	306	305	-1	306	-1	304
4	30650	500	1007	1008	307	306	-1	307	-1	305
4	30750	500	1008	1009	308	307	-1	308	-1	306
4	30850	500	1009	1010	309	308	-1	309	-1	307
4	30950	500	1010	1011	310	309	-1	310	-1	308
4	31050	500	1011	1012	311	310	-1	311	-1	309
4	31150	500	1012	1013	312	311	-1	312	-1	310
4	31250	500	1013	1014	313	312	-1	313	-1	311
4	31350	500	1014	1015	314	313	-1	314	-1	312
4	31450	500	1015	1016	315	314	-1	315	-1	313
4	31550	500	1016	1017	316	315	-1	316	-1	314
4	31650	500	1017	1018	317	316	-1	317	-1	315
4	31750	500	1018	1019	318	317	-1	318	-1	316
4	31850	500	1019	1020	319	318	-1	319	-1	317
4	31950	500	1020	1021	320	319	-1	320	-1	318
4	32050	500	1021	1022	321	320	-1	321	-1	319
4	32150	500	1022	1023	322	321	-1	322	-1	320
4	32250	500	1023	1024	323	322	-1	323	-1	321
4	32350	500	1024	1025	324	323	-1	324	-1	322
4	32450	500	1025	1026	325	324	-1	325	-1	323
4	32550	500	1026	1027	326	325	-1	326	-1	324
4	32650	500	1027	1028	327	326	-1	327	-1	325
4	32750	500	1028	1029	328	327	-1	328	-1	326
4	32850	500	1029	1030	329	328	-1	329	-1	327
4	32950	500	1030	1031	330	329	-1	330	-1	328
4	33050	500	1031	1032	331	330	-1	331	-1	329
4	33150	500	1032	1033	332	331	-1	332	-1	330
4	33250	500	1033	1034	333	332	-1	333	-1	331
4	33350	500	1034	1035	334	333	-1	334	-1	332
4	33450	500	1035	1036	335	334	-1	335	-1	333
4	33550	500	1036	1037	336	335	-1	336	-1	334
4	33650	500	1037	1038	337	336	-1	337	-1	335
4	33750	500	1038	1039	338	337	-1	338	-1	336
4	33850	500	1039	1040	339	338	-1	339	-1	337
4	33950	500	1040	1041	340	339	-1	340	-1	338
4	34050	500	1041	1042	341	340	-1	341	-1	339
4	34150	500	1042	1043	342	341	-1	342	-1	340
4	34250	500	1043	1044	343	342	-1	343	-1	341
4	34350	500	1044	1045	344	343	-1	344	-1	342
4	34450	500	1045	1046	345	344	-1	345	-1	343
4	34550	500	1046	1047	346	345	-1	346	-1	344
4	34650	500	1047	1048	347	346	-1	347	-1	345
4	34750	500	1048	1049	348	347	-1	348	-1	346
4	34850	500	1049	1050	349	348	-1	349	-1	347
4	34950	500	1050	1051	350	349	-1	350	-1	348
4	35050	500	1051	1052	351	350	-1	351	-1	349
4	35150	500	1052	1053	352	351	-1	352	-1	350
4	35250	500	1053	1054	353	352	-1	353	-1	351
4	35350	500	1054	1055	354	353	-1	354	-1	352
4	35450	500	1055	1056	355	354	-1	355	-1	353
4	35550	500	1056	1057	356	355	-1	356	-1	354
4	35650	500	1057	1058	357	356	-1	357	-1	355
4	35750	500	1058	1059	358	357	-1	358	-1	356
4	35850	500	1059	1060	359	358	-1	359	-1	357
4	35950	500	1060	1061	360	359	-1	360	-1	358
4	36050	500	1061	1062	361	360	-1	361	-1	359
4	36150	500	1062	1063	362	361	-1	362	-1	360
4	36250	500	1063	1064	363	362	-1	363	-1	361
4	36350	500	1064	1065	364	363	-1	364	-1	362
4	36450	500	1065	1066	365	364	-1	365	-1	363
4	36550	500	1066	1067	366	365	-1	366	-1	364
4	36650	500	1067	1068	367	366	-1	367	-1	365
4	36750	500	1068	1069	368	367	-1	368	-1	366
4	36850	500	1069	1070	369	368	-1	369	-1	367
4	36950	500	1070	1071	370	369	-1	370	-1	368
4	37050	500	1071	1072	371	370	-1	371	-1	369
4	37150	500	1072	1073	372	371	-1	372	-1	370
4	37250	500	1073	1074	373	372	-1	373	-1	371
4	37350	500	1074	1075	374	373	-1	374	-1	372
4	37450	500	1075	1076	375	374	-1	375	-1	373
4	37550	500	1076	1077	376	375	-1	376	-1	374
4	37650	500	1077	1078	377	376	-1	377	-1	375
4	37750	500	1078	1079	378	377	-1	378	-1	376
4	37850	500	1079	1080	379	378	-1	379	-1	377
4	37950	500	1080	1081	380	379	-1	380	-1	378
4	38050	500	1081	1082	381	380	-1	381	-1	379
4	38150	500	1082	1083	382	381	-1	382	-1	380
4	38250	500	1083	1084	383	382	-1	383	-1	381
4	38350	500	1084	1085	384	383	-1	384	-1	382
4	38450	500	1085	1086	385	384	-1	385	-1	383
4	38550	500	1086	1087	386	385	-1	386	-1	384
4	38650	500	1087	1088	387	386	-1	387	-1	385
4	38750	500	1088	1089	388	387	-1	388	-1	386
4	38850	500	1089	1090	389	388	-1	389	-1	387
4	38950	500	1090	1091	390	389	-1	390	-1	388
4	39050	500	1091	1092	391	390	-1	391	-1	389
4	39150	500	1092	1093	392	391	-1	392	-1	390
4	39250	500	1093	1094	393	392	-1	393	-1	391
4	39350	500	1094	1095	394	393	-1	394	-1	392
4	39450	500	1095	1096	395	394	-1	395	-1	393
4	39550	500	1096	1097	396	395	-1	396	-1	394
4	39650	500	1097	1098	397	396	-1	397	-1	395
4	39750	500	1098	1099	398	397	-1	398	-1	396
4	39850	500	1099	1100	399	398	-1	399	-1	397
4	39950	500	1100	1101	400	399	-1	400	-1	398
4	40050	500	1101	1102	401	400	-1	401	-1	399
4	40150	500	1102	1103	402	401	-1	402	-1	400
4	40250	500	1103	1104	403	402	-1	403	-1	401
4	40350	500	1104	1105	404	403	-1	404	-1	402
4	40450	500	1105	1106	405	404	-1	405	-1	403
4	40550	500	1106	1107	406	405	-1	406	-1	404
4	40650	500	1107	1108	407	406	-1	407	-1	405
4	40750	500	1108	1109	408	407	-1	408	-1	406
4	40850	500	1109	1110	409	408	-1	409	-1	407
4	40950	500	1110	1111	410	409	-1	410	-1	408
4	41050	500	1111	1112	411	410	-1	411	-1	409
4	41150	500	1112	1113	412	411	-1	412	-1	410
4	41250	500	1113	1114	413	412	-1	413	-1	411
4	41350	500	1114	1115	414	413	-1	414	-1	412
4	41450	500	1115	1116	415	414	-1	415	-1	413
4	41550	500	1116	1117	416	415	-1	416	-1	414
4	41650	500	1117	1118	417	416	-1	417	-1	415
4	41750	500	1118	1119	418	417	-1	418	-1	416
4	41850	500	1119	1120	419	418	-1	419	-1	417
4	41950	500	1120	1121	420	419	-1	420	-1	418
4	42050	500	1121	1122	421	420	-1	421	-1	419
4	42150	500	1122	1123	422	421	-1	422	-1	420
4	42250	500	1123	1124	423	422	-1	423	-1	421
4	42350	500	1124	1125	424	423	-1	424	-1	422
4	42450	500	1125	1126	425	424	-1	425	-1	423
4	42550	500	1126	1127	426	425	-1	426	-1	424
4	42650	500	1127	1128	427	426	-1	427	-1	425
4	42750	500	1128	1129	428	427	-1	428	-1	426
4	42850	500	1129	1130	429	428	-1	429	-1	427
4	42950	500	1130	1131	430	429	-1	430	-1	428
4	43050	500	1131	1132	431	430	-1	431	-1	429
4	43150	500	1132	1133	432	431	-1	432	-1	430
4	43250	500	1133	1134	433	432	-1	433	-1	431
4	43350	500	1134	1135	434	433	-1	434	-1	432
4	43450	500	1135	1136	435	434	-1	435	-1	433
4	43550	500	1136	1137	436	435	-1	436	-1	434
4	43650	500	1137	1138	437	436	-1	437	-1	435
4	43750	500	1138	1139	438	437	-1	438	-1	436
4	43850	500	1139	1140	439	438	-1	439	-1	437
4	43950	500	1140	1141	440	439	-1	440	-1	438
4	44050	500	1141	1142	441	440	-1	441	-1	439
4	44150	500	1142	1143	442	441	-1	442	-1	440
4	44250	500	1143	1144	443	442	-1	443	-1	441
4	44350	500	1144	1145	444	443	-1	444	-1	442
4	44450	500	1145	1146	445	444	-1	445	-1	443
4	44550	500	1146	1147	446	445	-1	446	-1	444
4	44650	500	1147	1148	447	446	-1	447	-1	445
4	44750	500	1148	1149	448	447	-1	448	-1	446
4	44850	500	1149	1150	449	448	-1	449	-1	447
4	44950	500	1150	1151	450	449	-1	450	-1	448
4	45050	500	1151	1152	451	450	-1	451	-1	449
4	45150	500	1152	1153	452	451	-1	452	-1	450
4	45250	500	1153	1154	453	452	-1	453	-1	451
4	45350	500	1154	1155	454	453	-1	454	-1	452
4	45450	500	1155	1156	455	454	-1	455	-1	453
4	45550	500	1156	1157	456	455	-1	456	-1	454
4	45650	500	1157	1158	457	456	-1	457	-1	455
4	45750	500	1158	1159	458	457	-1	458	-1	456
4	45850	500	1159	1160	459	458	-1	459	-1	457
4	45950	500	1160	1161	460	459	-1	460	-1	458
4	46050	500	1161	1162	461	460	-1	461	-1	459
4	46150	500	1162	1163	462	461	-1	462	-1	460
4	46250	500	1163	1164	463	462	-1	463	-1	461
4	46350	500	1164	1165	464	463	-1	464	-1	462
4	46450	500	1165	1166	465	464	-1	465	-1	463
4	46550	500	1166	1167	466	465	-1	466	-1	464
4	46650	500	1167	1168	467	466	-1	467	-1	465
4	46750	500	1168	1169	468	467	-1	468	-1	466
4	46850	500	1169	1170	469	468	-1	469	-1	467
4	46950	500	1170	1171	470	469	-1	470	-1	468
4	47050	500	1171	1172	471	470	-1	471	-1	469
4	47150	500	1172	1173	472	471	-1	472	-1	470
4	47250	500	1173	1174	473	472	-1	473	-1	471
4	47350	500	1174	1175	474	473	-1	474	-1	472
4	47450	500	1175	1176	475	474	-1	475	-1	473
4	47550	500	1176	1177	476	475	-1	476	-1	474
4	47650	500	1177	1178	477	476	-1	477	-1	475
4	47750	500	1178	1179	478	477	-1	478	-1	476
4	47850	500	1179	1180	479	478	-1	479	-1	477
4	47950	500	1180	1181	480	479	-1	480	-1	478
4	48050	500	1181	1182	481	480	-1	481	-1	479
4	48150	500	1182	1183	482	481	-1	482	-1	480
4	48250	500	1183	1184	483	482	-1	483	-1	481
4	48350	500	1184	1185	484	483	-1	484	-1	482
4	48450	500	1185	1186	485	484	-1	485	-1	483
4	48550	500	1186	1187	486	485	-1	486	-1	484
4	48650	500	1187	1188	487	486	-1	487	-1	485
4	48750	500	1188	1189	488	487	-1	488	-1	486
4	48850	500	1189	1190	489	488	-1	489	-1	487
4	48950	500	1190	1191	490	489	-1	490	-1	488
4	49050	500	1191	1192	491	490	-1	491	-1	489
4	49150	500	1192	1193	492	491	-1	492	-1	490
4	49250	500	1193	1194	493	492	-1	493	-1	491
4	49350	500	1194	1195	494	493	-1	494	-1	492
4	49450	500	1195	1196	495	494	-1	495	-1	493
4	49550	500	1196	1197	496	495	-1	496	-1	494
4	49650	500	1197	1198	497	496	-1	497	-1	495
4	49750	500	1198	1199	498	497	-1	498	-1	496
4	49850	500	1199	1200	499	498	-1	499	-1	497
4	49950	500	1200	1201	500	499	-1	500	-1	498
4	50050	500	1201	1202	501	500	-1	501	-1	499
4	50150	500	1202	1203	502	501	-1	502	-1	500
4	50250	500	1203	1204	503	502	-1	503	-1	501
4	50350	500	1204	1205	504	503	-1	504	-1	502
4	50450	500	1205	1206	505	504	-1	505	-1	503
4	50550	500	1206	1207	506	505	-1	506	-1	504
4	50650	500	1207	1208	507	506	-1	507	-1	505
4	50750	500	1208	1209	508	507	-1	508	-1	506
4	50850	500	1209	1210	509	508	-1	509	-1	507
4	50950	500	1210	1211	510	509	-1	510	-1	508
4	51050	500	1211	1212	511	510	-1	511	-1	509
4	51150	500	1212	1213	512	511	-1	512	-1	510
4	51250	500	1213	1214	513	512	-1	513	-1	511
4	51350	500	1214	1215	514	513	-1	514	-1	512
4	51450	500	1215	1216	515	514	-1	515	-1	513
4	51550	500	1216	1217	516	515	-1	516	-1	514
4	51650	500	1217	1218	517	516	-1	517	-1	515
4	51750	500	1218	1219	518	517	-1	518	-1	516
4	51850	500	1219	1220	519	518	-1	519	-1	517
4	51950	500	1220	1221	520	519	-1	520	-1	518
4	52050	500	1221	1222	521	520	-1	521	-1	519
4	52150	500	1222	1223	522	521	-1	522	-1	520
4	52250	500	1223	1224	523	522	-1	523	-1	521
4	52350	500	1224	1225	524	523	-1	524	-1	522
4	52450	500	1225	1226	525	524	-1	525	-1	523
4	52550	500	1226	1227	526	525	-1	526	-1	524
4	52650	500	1227	1228	527	526	-1	527	-1	525
4	52750	500	1228	1229	528	527	-1	528	-1	526
4	52850	500	1229	1230	529	528	-1	529	-1	527
4	52950	500	1230	1231	530	529	-1	530	-1	528
4	53050	500	1231	1232	531	530	-1	531	-1	529
4	53150	500	1232	1233	532	531	-1	532	-1	530
4	53250	500	1233	1234	533	532	-1	533	-1	531
4	53350	500	1234	1235	534	533	-1	534	-1	532
4	53450	500	1235	1236	535	534	-1	535	-1	533
4	53550	500	1236	1237	536	535	-1	536	-1	534
4	53650	500	1237	1238	537	536	-1	537	-1	535
4	53750	500	1238	1239	538	537	-1	538	-1	536
4	53850	500	1239	1240	539	538	-1	539	-1	537
4	53950	500	1240	1241	540	539	-1	540	-1	538
4	54050	500	1241	1242	541	540	-1	541	-1	539
4	54150	500	1242	1243	542	541	-1	542	-1	540
4	54250	500	1243	1244	543	542	-1	543	-1	541
4	54350	500	1244	1245	544	543	-1	544	-1	542
4	54450	500	1245	1246	545	544	-1	545	-1	543
4	54550	500	1246	1247	546	545	-1	546	-1	544
4	54650	500	1247	1248	547	546	-1	547	-1	545
4	54750	500	1248	1249	548	547	-1	548	-1	546
4	54850	500	1249	1250	549	548	-1	549	-1	547
4	54950	500	1250	1251	550	549	-1	550	-1	548
4	55050	500	1251	1252	551	550	-1	551	-1	549
4	55150	500	1252	1253	552	551	-1	552	-1	550
4	55250	500	1253	1254	553	552	-1	553	-1	551
4	55350	500	1254	1255	554	553	-1	554	-1	552
4	55450	500	1255	1256	555	554	-1	555	-1	553
4	55550	500	1256	1257	556	555	-1	556	-1	554
4	55650	500	1257	1258	557	556	-1	557	-1	555
4	55750	500	1258	1259	558	557	-1	558	-1	556
4	55850	500	1259	1260	559	558	-1	559	-1	557
4	55950	500	1260	1261	560	559	-1	560	-1	558
4	56050	500	1261	1262	561	560	-1	561	-1	559
4	56150	500	1262	1263	562	561	-1	562	-1	560
4	56250	500	1263	1264	563	562	-1	563	-1	561
4	56350	500	1264	1265	564	563	-1	564	-1	562
4	56450	500	1265	1266	565	564	-1	565	-1	563
4	56550	500	1266	1267	566	565	-1	566	-1	564
4	56650	500	1267	1268	567	566	-1	567	-1	565
4	56750	500	1268	1269	568	567	-1	568	-1	566
4	56850	500	1269	1270	569	568	-1	569	-1	567
4	56950	500	1270	1271	570	569	-1	570	-1	568
4	57050	500	1271	1272	571	570	-1	571	-1	569
4	57150	500	1272	1273	572	571	-1	572	-1	570
4	57250	500	1273	1274	573	572	-1	573	-1	571
4	57350	500	1274	1275	574	573	-1	574	-1	572
4	57450	500	1275	1276	575	574	-1	575	-1	573
4	57550	500	1276	1277	576	575	-1	576	-1	574
4	57650	500	1277	1278	577	576	-1	577	-1	575
4	57750	500	1278	1279	578	577	-1	578	-1	576
4	57850	500	1279	1280	579	578	-1	579	-1	577
4	57950	500	1280	1281	580	579	-1	580	-1	578
4	58050	500	1281	1282	581	580	-1	581	-1	579
4	58150	500	1282	1283	582	581	-1	582	-1	580
4	58250	500	1283	1284	583	582	-1	583	-1	581
4	58350	500	1284	1285	584	583	-1	584	-1	582
4	58450	500	1285	1286	585	584	-1	585	-1	583
4	58550	500	1286	1287	586	585	-1	586	-1	584
4	58650	500	1287	1288	587	586	-1	587	-1	585
4	58750	500	1288	1289	588	587	-1	588	-1	586
4	58850	500	1289	1290	589	588	-1	589	-1	587
4	58950	500	1290	1291	590	589	-1	590	-1	588
4	59050	500	1291	1292	591	590	-1	591	-1	589
4	59150	500	1292	1293	592	591	-1	592	-1	590
4	59250	500	1293	1294	593	592	-1	593	-1	591
4	59350	500	1294	1295	594	593	-1	594	-1	592
4	59450	500	1295	1296	595	594	-1	595	-1	593
4	59550	500	1296	1297	596	595	-1	596	-1	594
4	59650	500	1297	1298	597	596	-1	597	-1	595
4	59750	500	1298	1299	598	597	-1	598	-1	596
4	59850	500	1299	1300	599	598	-1	599	-1	597
4	59950	500	1300	1301	600	599	-1	600	-1	598
4	60050	500	1301	1302	601	600	-1	601	-1	599
4	60150	500	1302	1303	602	601	-1	602	-1	600
4	60250	500	1303	1304	603	602	-1	603	-1	601
4	60350	500	1304	1305	604	603	-1	604	-1	602
4	60450	500	1305	1306	605	604	-1	605	-1	603
4	60550	500	1306	1307	606	605	-1	606	-1	604
4	60650	500	1307	1308	607	606	-1	607	-1	605
4	60750	500	1308	1309	608	607	-1	608	-1	606
4	60850	500	1309	1310	609	608	-1	609	-1	607
4	60950	500	1310	1311	610	609	-1	610	-1	608
4	61050	500	1311	1312	611	610	-1	611	-1	609
4	61150	500	1312	1313	612	611	-1	612	-1	610
4	61250	500	1313	1314	613	612	-1	613	-1	611
4	61350	500	1314	1315	614	613	-1	614	-1	612
4	61450	500	1315	1316	615	614	-1	615	-1	613
4	61550	500	1316	1317	616	615	-1	616	-1	614
4	61650	500	1317	1318	617	616	-1	617	-1	615
4	61750	500	1318	1319	618	617	-1	618	-1	616
4	61850	500	1319	1320	619	618	-1	619	-1	617
4	61950	500	1320	1321	620	619	-1	620	-1	618
4	62050	500	1321	1322	621	620	-1	621	-1	619
4	62150	500	1322	1323	622	621	-1	622	-1	620
4	62250	500	1323	1324	623	622	-1	623	-1	621
4	62350	500	1324	1325	624	623	-1	624	-1	622
4	62450	500	1325	1326	625	624	-1	625	-1	623
4	62550	500	1326	1327	626	625	-1	626	-1	624
4	62650	500	1327	1328	627	626	-1	627	-1	625
4	62750	500	1328	1329	628	627	-1	628	-1	626
4	62850	500	1329	1330	629	628	-1	629	-1	627
4	62950	500	1330	1331	630	629	-1	630	-1	628
4	63050	500	1331	1332	631	630	-1	631	-1	629
4	63150	500	1332	1333	632	631	-1	632	-1	630
4	63250	500	1333	1334	633	632	-1	633	-1	631
4	63350	500	1334	1335	634	633	-1	634	-1	632
4	63450	500	1335	1336	635	634	-1	635	-1	633
4	63550	500	1336	1337	636	635	-1	636	-1	634
4	63650	500	1337	1338	637	636	-1	637	-1	635
4	63750	500	1338	1339	638	637	-1	638	-1	636
4	63850	500	1339	1340	639	638	-1	639	-1	637
4	63950	500	1340	1341	640	639	-1	640	-1	638
4	64050	500	1341	1342	641	640	-1	641	-1	639
4	64150	500	1342	1343	642	641	-1	642	-1	640
4	64250	500	1343	1344	643	642	-1	643	-1	641
4	64350	500	1344	1345	644	643	-1	644	-1	642
4	64450	500	1345	1346	645	644	-1	645	-1	643
4	64550	500	1346	1347	646	645	-1	646	-1	644
4	64650	500	1347	1348	647	646	-1	647	-1	645
4	64750	500	1348	1349	648	647	-1	648	-1	646
4	64850	500	1349	1350	649	648	-1	649	-1	647
4	64950	500	1350	1351	650	649	-1	650	-1	648
4	65050	500	1351	1352	651	650	-1	651	-1	649
4	65150	500	1352	1353	652	651	-1	652	-1	650
4	65250	500	1353	1354	653	652	-1	653	-1	651
4	65350	500	1354	1355	654	653	-1	654	-1	652
4	65450	500	1355	1356	655	654	-1	655	-1	653
4	65550	500	1356	1357	656	655	-1	656	-1	654
4	65650	500	1357	1358	657	656	-1	657	-1	655
4	65750	500	1358	1359	658	657	-1	658	-1	656
4	65850	500	1359	1360	659	658	-1	659	-1	657
4	65950	500	1360	1361	660	659	-1	660	-1	658
4	66050	500	1361	1362	661	660	-1	661	-1	659
4	66150	500	1362	1363	662	661	-1	662	-1	660
4	66250	500	1363	1364	663	662	-1	663	-1	661
4	66350	500	1364	1365	664	663	-1	664	-1	662
4	66450	500	1365	1366	665	664	-1	665	-1	663
4	66550	500	1366	1367	666	665	-1	666	-1	664
4	66650	500	1367	1368	667	666	-1	667	-1	665
4	66750	500	1368	1369	668	667	-1	668	-1	666
4	66850	500	1369	1370	669	668	-1	669	-1	667
4	66950	500	1370	1371	670	669	-1	670	-1	668
4	67050	500	1371	1372	671	670	-1	671	-1	669
4	67150	500	1372	1373	672	671	-1	672	-1	670
4	67250	500	1373	1374	673	672	-1	673	-1	671
4	67350	500	1374	1375	674	673	-1	674	-1	672
4	67450	500	1375	1376	675	674	-1	675	-1	673
4	67550	500	1376	1377	676	675	-1	676	-1	674
4	67650	500	1377	1378	677	676	-1	677	-1	675
4	67750	500	1378	1379	678	677	-1	678	-1	676
4	67850	500	1379	1380	679	678	-1	679	-1	677
4	67950	500	1380	1381	680	679	-1	680	-1	678
4	68050	500	1381	1382	681	680	-1	681	-1	679
4	68150	500	1382	1383	682	681	-1	682	-1	680
4	68250	500	1383	1384	683	682	-1	683	-1	681
4	68350	500	1384	1385	684	683	-1	684	-1	682
4	68450	500	1385	1386	685	684	-1	685	-1	683
4	68550	500	1386	1387	686	685	-1	686	-1	684
4	68650	500	1387	1388	687	686	-1	687	-1	685
4	68750	500	1388	1389	688	687	-1	688	-1	686
4	68850	500	1389	1390	689	688	-1	689	-1	687
4	68950	500	1390	1391	690	689	-1	690	-1	688
4	69050	500	1391	1392	691	690	-1	691	-1	689
4	69150	500	1392	1393	692	691	-1	692	-1	690
4	69250	500	1393	1394	693	692	-1	693	-1	691
4	69350	500	1394	1395	694	693	-1	694	-1	692
4	69450	500	1395	1396	695	694	-1	695	-1	693
4	69550	500	1396	1397	696	695	-1	696	-1	694
4	69650	500	1397	1398	697	696	-1	697	-1	695
4	69750	500	1398	1399	698	697	-1	698	-1	696
4	69850	500	1399	1400	699	698	-1	699	-1	697
4	69950	500	1400	1401	700	699	-1	-1	-1	698
