0	701	1	-1	0
1	702	0	0	1
2	703	0	1	2
3	704	0	2	3
4	705	0	3	4
5	706	0	4	5
6	707	0	5	6
7	708	0	6	7
8	709	0	7	8
9	710	0	8	9
10	711	0	9	10
11	712	0	10	11
12	713	0	11	12
13	714	0	12	13
14	715	0	13	14
15	716	0	14	15
16	717	0	15	16
17	718	0	16	17
18	719	0	17	18
19	720	0	18	19
20	721	0	19	20
21	722	0	20	21
22	723	0	21	22
23	724	0	22	23
24	725	0	23	24
25	726	0	24	25
26	727	0	25	26
27	728	0	26	27
28	729	0	27	28
29	730	0	28	29
30	731	0	29	30
31	732	0	30	31
32	733	0	31	32
33	734	0	32	33
34	735	0	33	34
35	736	0	34	35
36	737	0	35	36
37	738	0	36	37
38	739	0	37	38
39	740	0	38	39
40	741	0	39	40
41	742	0	40	41
42	743	0	41	42
43	744	0	42	43
44	745	0	43	44
45	746	0	44	45
46	747	0	45	46
47	748	0	46	47
48	749	0	47	48
49	750	0	48	49
50	751	0	49	50
51	752	0	50	51
52	753	0	51	52
53	754	0	52	53
54	755	0	53	54
55	756	0	54	55
56	757	0	55	56
57	758	0	56	57
58	759	0	57	58
59	760	0	58	59
60	761	0	59	60
61	762	0	60	61
62	763	0	61	62
63	764	0	62	63
64	765	0	63	64
65	766	0	64	65
66	767	0	65	66
67	768	0	66	67
68	769	0	67	68
69	770	0	68	69
70	771	0	69	70
71	772	0	70	71
72	773	0	71	72
73	774	0	72	73
74	775	0	73	74
75	776	0	74	75
76	777	0	75	76
77	778	0	76	77
78	779	0	77	78
79	780	0	78	79
80	781	0	79	80
81	782	0	80	81
82	783	0	81	82
83	784	0	82	83
84	785	0	83	84
85	786	0	84	85
86	787	0	85	86
87	788	0	86	87
88	789	0	87	88
89	790	0	88	89
90	791	0	89	90
91	792	0	90	91
92	793	0	91	92
93	794	0	92	93
94	795	0	93	94
95	796	0	94	95
96	797	0	95	96
97	798	0	96	97
98	799	0	97	98
99	800	0	98	99
100	801	0	99	100
101	802	0	100	101
102	803	0	101	102
103	804	0	102	103
104	805	0	103	104
105	806	0	104	105
106	807	0	105	106
107	808	0	106	107
108	809	0	107	108
109	810	0	108	109
110	811	0	109	110
111	812	0	110	111
112	813	0	111	112
113	814	0	112	113
114	815	0	113	114
115	816	0	114	115
116	817	0	115	116
117	818	0	116	117
118	819	0	117	118
119	820	0	118	119
120	821	0	119	120
121	822	0	120	121
122	823	0	121	122
123	824	0	122	123
124	825	0	123	124
125	826	0	124	125
126	827	0	125	126
127	828	0	126	127
128	829	0	127	128
129	830	0	128	129
130	831	0	129	130
131	832	0	130	131
132	833	0	131	132
133	834	0	132	133
134	835	0	133	134
135	836	0	134	135
136	837	0	135	136
137	838	0	136	137
138	839	0	137	138
139	840	0	138	139
140	841	0	139	140
141	842	0	140	141
142	843	0	141	142
143	844	0	142	143
144	845	0	143	144
145	846	0	144	145
146	847	0	145	146
147	848	0	146	147
148	849	0	147	148
149	850	0	148	149
150	851	0	149	150
151	852	0	150	151
152	853	0	151	152
153	854	0	152	153
154	855	0	153	154
155	856	0	154	155
156	857	0	155	156
157	858	0	156	157
158	859	0	157	158
159	860	0	158	159
160	861	0	159	160
161	862	0	160	161
162	863	0	161	162
163	864	0	162	163
164	865	0	163	164
165	866	0	164	165
166	867	0	165	166
167	868	0	166	167
168	869	0	167	168
169	870	0	168	169
170	871	0	169	170
171	872	0	170	171
172	873	0	171	172
173	874	0	172	173
174	875	0	173	174
175	876	0	174	175
176	877	0	175	176
177	878	0	176	177
178	879	0	177	178
179	880	0	178	179
180	881	0	179	180
181	882	0	180	181
182	883	0	181	182
183	884	0	182	183
184	885	0	183	184
185	886	0	184	185
186	887	0	185	186
187	888	0	186	187
188	889	0	187	188
189	890	0	188	189
190	891	0	189	190
191	892	0	190	191
192	893	0	191	192
193	894	0	192	193
194	895	0	193	194
195	896	0	194	195
196	897	0	195	196
197	898	0	196	197
198	899	0	197	198
199	900	0	198	199
200	901	0	199	200
201	902	0	200	201
202	903	0	201	202
203	904	0	202	203
204	905	0	203	204
205	906	0	204	205
206	907	0	205	206
207	908	0	206	207
208	909	0	207	208
209	910	0	208	209
210	911	0	209	210
211	912	0	210	211
212	913	0	211	212
213	914	0	212	213
214	915	0	213	214
215	916	0	214	215
216	917	0	215	216
217	918	0	216	217
218	919	0	217	218
219	920	0	218	219
220	921	0	219	220
221	922	0	220	221
222	923	0	221	222
223	924	0	222	223
224	925	0	223	224
225	926	0	224	225
226	927	0	225	226
227	928	0	226	227
228	929	0	227	228
229	930	0	228	229
230	931	0	229	230
231	932	0	230	231
232	933	0	231	232
233	934	0	232	233
234	935	0	233	234
235	936	0	234	235
236	937	0	235	236
237	938	0	236	237
238	939	0	237	238
239	940	0	238	239
240	941	0	239	240
241	942	0	240	241
242	943	0	241	242
243	944	0	242	243
244	945	0	243	244
245	946	0	244	245
246	947	0	245	246
247	948	0	246	247
248	949	0	247	248
249	950	0	248	249
250	951	0	249	250
251	952	0	250	251
252	953	0	251	252
253	954	0	252	253
254	955	0	253	254
255	956	0	254	255
256	957	0	255	256
257	958	0	256	257
258	959	0	257	258
259	960	0	258	259
260	961	0	259	260
261	962	0	260	261
262	963	0	261	262
263	964	0	262	263
264	965	0	263	264
265	966	0	264	265
266	967	0	265	266
267	968	0	266	267
268	969	0	267	268
269	970	0	268	269
270	971	0	269	270
271	972	0	270	271
272	973	0	271	272
273	974	0	272	273
274	975	0	273	274
275	976	0	274	275
276	977	0	275	276
277	978	0	276	277
278	979	0	277	278
279	980	0	278	279
280	981	0	279	280
281	982	0	280	281
282	983	0	281	282
283	984	0	282	283
284	985	0	283	284
285	986	0	284	285
286	987	0	285	286
287	988	0	286	287
288	989	0	287	288
289	990	0	288	289
290	991	0	289	290
291	992	0	290	291
292	993	0	291	292
293	994	0	292	293
294	995	0	293	294
295	996	0	294	295
296	997	0	295	296
297	998	0	296	297
298	999	0	297	298
299	1000	0	298	299
300	1001	0	299	300
301	1002	0	300	301
302	1003	0	301	302
303	1004	0	302	303
304	1005	0	303	304
305	1006	0	304	305
306	1007	0	305	306
307	1008	0	306	307
308	1009	0	307	308
309	1010	0	308	309
310	1011	0	309	310
311	1012	0	310	311
312	1013	0	311	312
313	1014	0	312	313
314	1015	0	313	314
315	1016	0	314	315
316	1017	0	315	316
317	1018	0	316	317
318	1019	0	317	318
319	1020	0	318	319
320	1021	0	319	320
321	1022	0	320	321
322	1023	0	321	322
323	1024	0	322	323
324	1025	0	323	324
325	1026	0	324	325
326	1027	0	325	326
327	1028	0	326	327
328	1029	0	327	328
329	1030	0	328	329
330	1031	0	329	330
331	1032	0	330	331
332	1033	0	331	332
333	1034	0	332	333
334	1035	0	333	334
335	1036	0	334	335
336	1037	0	335	336
337	1038	0	336	337
338	1039	0	337	338
339	1040	0	338	339
340	1041	0	339	340
341	1042	0	340	341
342	1043	0	341	342
343	1044	0	342	343
344	1045	0	343	344
345	1046	0	344	345
346	1047	0	345	346
347	1048	0	346	347
348	1049	0	347	348
349	1050	0	348	349
350	1051	0	349	350
351	1052	0	350	351
352	1053	0	351	352
353	1054	0	352	353
354	1055	0	353	354
355	1056	0	354	355
356	1057	0	355	356
357	1058	0	356	357
358	1059	0	357	358
359	1060	0	358	359
360	1061	0	359	360
361	1062	0	360	361
362	1063	0	361	362
363	1064	0	362	363
364	1065	0	363	364
365	1066	0	364	365
366	1067	0	365	366
367	1068	0	366	367
368	1069	0	367	368
369	1070	0	368	369
370	1071	0	369	370
371	1072	0	370	371
372	1073	0	371	372
373	1074	0	372	373
374	1075	0	373	374
375	1076	0	374	375
376	1077	0	375	376
377	1078	0	376	377
378	1079	0	377	378
379	1080	0	378	379
380	1081	0	379	380
381	1082	0	380	381
382	1083	0	381	382
383	1084	0	382	383
384	1085	0	383	384
385	1086	0	384	385
386	1087	0	385	386
387	1088	0	386	387
388	1089	0	387	388
389	1090	0	388	389
390	1091	0	389	390
391	1092	0	390	391
392	1093	0	391	392
393	1094	0	392	393
394	1095	0	393	394
395	1096	0	394	395
396	1097	0	395	396
397	1098	0	396	397
398	1099	0	397	398
399	1100	0	398	399
400	1101	0	399	400
401	1102	0	400	401
402	1103	0	401	402
403	1104	0	402	403
404	1105	0	403	404
405	1106	0	404	405
406	1107	0	405	406
407	1108	0	406	407
408	1109	0	407	408
409	1110	0	408	409
410	1111	0	409	410
411	1112	0	410	411
412	1113	0	411	412
413	1114	0	412	413
414	1115	0	413	414
415	1116	0	414	415
416	1117	0	415	416
417	1118	0	416	417
418	1119	0	417	418
419	1120	0	418	419
420	1121	0	419	420
421	1122	0	420	421
422	1123	0	421	422
423	1124	0	422	423
424	1125	0	423	424
425	1126	0	424	425
426	1127	0	425	426
427	1128	0	426	427
428	1129	0	427	428
429	1130	0	428	429
430	1131	0	429	430
431	1132	0	430	431
432	1133	0	431	432
433	1134	0	432	433
434	1135	0	433	434
435	1136	0	434	435
436	1137	0	435	436
437	1138	0	436	437
438	1139	0	437	438
439	1140	0	438	439
440	1141	0	439	440
441	1142	0	440	441
442	1143	0	441	442
443	1144	0	442	443
444	1145	0	443	444
445	1146	0	444	445
446	1147	0	445	446
447	1148	0	446	447
448	1149	0	447	448
449	1150	0	448	449
450	1151	0	449	450
451	1152	0	450	451
452	1153	0	451	452
453	1154	0	452	453
454	1155	0	453	454
455	1156	0	454	455
456	1157	0	455	456
457	1158	0	456	457
458	1159	0	457	458
459	1160	0	458	459
460	1161	0	459	460
461	1162	0	460	461
462	1163	0	461	462
463	1164	0	462	463
464	1165	0	463	464
465	1166	0	464	465
466	1167	0	465	466
467	1168	0	466	467
468	1169	0	467	468
469	1170	0	468	469
470	1171	0	469	470
471	1172	0	470	471
472	1173	0	471	472
473	1174	0	472	473
474	1175	0	473	474
475	1176	0	474	475
476	1177	0	475	476
477	1178	0	476	477
478	1179	0	477	478
479	1180	0	478	479
480	1181	0	479	480
481	1182	0	480	481
482	1183	0	481	482
483	1184	0	482	483
484	1185	0	483	484
485	1186	0	484	485
486	1187	0	485	486
487	1188	0	486	487
488	1189	0	487	488
489	1190	0	488	489
490	1191	0	489	490
491	1192	0	490	491
492	1193	0	491	492
493	1194	0	492	493
494	1195	0	493	494
495	1196	0	494	495
496	1197	0	495	496
497	1198	0	496	497
498	1199	0	497	498
499	1200	0	498	499
500	1201	0	499	500
501	1202	0	500	501
502	1203	0	501	502
503	1204	0	502	503
504	1205	0	503	504
505	1206	0	504	505
506	1207	0	505	506
507	1208	0	506	507
508	1209	0	507	508
509	1210	0	508	509
510	1211	0	509	510
511	1212	0	510	511
512	1213	0	511	512
513	1214	0	512	513
514	1215	0	513	514
515	1216	0	514	515
516	1217	0	515	516
517	1218	0	516	517
518	1219	0	517	518
519	1220	0	518	519
520	1221	0	519	520
521	1222	0	520	521
522	1223	0	521	522
523	1224	0	522	523
524	1225	0	523	524
525	1226	0	524	525
526	1227	0	525	526
527	1228	0	526	527
528	1229	0	527	528
529	1230	0	528	529
530	1231	0	529	530
531	1232	0	530	531
532	1233	0	531	532
533	1234	0	532	533
534	1235	0	533	534
535	1236	0	534	535
536	1237	0	535	536
537	1238	0	536	537
538	1239	0	537	538
539	1240	0	538	539
540	1241	0	539	540
541	1242	0	540	541
542	1243	0	541	542
543	1244	0	542	543
544	1245	0	543	544
545	1246	0	544	545
546	1247	0	545	546
547	1248	0	546	547
548	1249	0	547	548
549	1250	0	548	549
550	1251	0	549	550
551	1252	0	550	551
552	1253	0	551	552
553	1254	0	552	553
554	1255	0	553	554
555	1256	0	554	555
556	1257	0	555	556
557	1258	0	556	557
558	1259	0	557	558
559	1260	0	558	559
560	1261	0	559	560
561	1262	0	560	561
562	1263	0	561	562
563	1264	0	562	563
564	1265	0	563	564
565	1266	0	564	565
566	1267	0	565	566
567	1268	0	566	567
568	1269	0	567	568
569	1270	0	568	569
570	1271	0	569	570
571	1272	0	570	571
572	1273	0	571	572
573	1274	0	572	573
574	1275	0	573	574
575	1276	0	574	575
576	1277	0	575	576
577	1278	0	576	577
578	1279	0	577	578
579	1280	0	578	579
580	1281	0	579	580
581	1282	0	580	581
582	1283	0	581	582
583	1284	0	582	583
584	1285	0	583	584
585	1286	0	584	585
586	1287	0	585	586
587	1288	0	586	587
588	1289	0	587	588
589	1290	0	588	589
590	1291	0	589	590
591	1292	0	590	591
592	1293	0	591	592
593	1294	0	592	593
594	1295	0	593	594
595	1296	0	594	595
596	1297	0	595	596
597	1298	0	596	597
598	1299	0	597	598
599	1300	0	598	599
600	1301	0	599	600
601	1302	0	600	601
602	1303	0	601	602
603	1304	0	602	603
604	1305	0	603	604
605	1306	0	604	605
606	1307	0	605	606
607	1308	0	606	607
608	1309	0	607	608
609	1310	0	608	609
610	1311	0	609	610
611	1312	0	610	611
612	1313	0	611	612
613	1314	0	612	613
614	1315	0	613	614
615	1316	0	614	615
616	1317	0	615	616
617	1318	0	616	617
618	1319	0	617	618
619	1320	0	618	619
620	1321	0	619	620
621	1322	0	620	621
622	1323	0	621	622
623	1324	0	622	623
624	1325	0	623	624
625	1326	0	624	625
626	1327	0	625	626
627	1328	0	626	627
628	1329	0	627	628
629	1330	0	628	629
630	1331	0	629	630
631	1332	0	630	631
632	1333	0	631	632
633	1334	0	632	633
634	1335	0	633	634
635	1336	0	634	635
636	1337	0	635	636
637	1338	0	636	637
638	1339	0	637	638
639	1340	0	638	639
640	1341	0	639	640
641	1342	0	640	641
642	1343	0	641	642
643	1344	0	642	643
644	1345	0	643	644
645	1346	0	644	645
646	1347	0	645	646
647	1348	0	646	647
648	1349	0	647	648
649	1350	0	648	649
650	1351	0	649	650
651	1352	0	650	651
652	1353	0	651	652
653	1354	0	652	653
654	1355	0	653	654
655	1356	0	654	655
656	1357	0	655	656
657	1358	0	656	657
658	1359	0	657	658
659	1360	0	658	659
660	1361	0	659	660
661	1362	0	660	661
662	1363	0	661	662
663	1364	0	662	663
664	1365	0	663	664
665	1366	0	664	665
666	1367	0	665	666
667	1368	0	666	667
668	1369	0	667	668
669	1370	0	668	669
670	1371	0	669	670
671	1372	0	670	671
672	1373	0	671	672
673	1374	0	672	673
674	1375	0	673	674
675	1376	0	674	675
676	1377	0	675	676
677	1378	0	676	677
678	1379	0	677	678
679	1380	0	678	679
680	1381	0	679	680
681	1382	0	680	681
682	1383	0	681	682
683	1384	0	682	683
684	1385	0	683	684
685	1386	0	684	685
686	1387	0	685	686
687	1388	0	686	687
688	1389	0	687	688
689	1390	0	688	689
690	1391	0	689	690
691	1392	0	690	691
692	1393	0	691	692
693	1394	0	692	693
694	1395	0	693	694
695	1396	0	694	695
696	1397	0	695	696
697	1398	0	696	697
698	1399	0	697	698
699	1400	0	698	699
700	1401	2	699	-1
1	0	1	-1	0
2	1	1	-1	1
3	2	1	-1	2
4	3	1	-1	3
5	4	1	-1	4
6	5	1	-1	5
7	6	1	-1	6
8	7	1	-1	7
9	8	1	-1	8
10	9	1	-1	9
11	10	1	-1	10
12	11	1	-1	11
13	12	1	-1	12
14	13	1	-1	13
15	14	1	-1	14
16	15	1	-1	15
17	16	1	-1	16
18	17	1	-1	17
19	18	1	-1	18
20	19	1	-1	19
21	20	1	-1	20
22	21	1	-1	21
23	22	1	-1	22
24	23	1	-1	23
25	24	1	-1	24
26	25	1	-1	25
27	26	1	-1	26
28	27	1	-1	27
29	28	1	-1	28
30	29	1	-1	29
31	30	1	-1	30
32	31	1	-1	31
33	32	1	-1	32
34	33	1	-1	33
35	34	1	-1	34
36	35	1	-1	35
37	36	1	-1	36
38	37	1	-1	37
39	38	1	-1	38
40	39	1	-1	39
41	40	1	-1	40
42	41	1	-1	41
43	42	1	-1	42
44	43	1	-1	43
45	44	1	-1	44
46	45	1	-1	45
47	46	1	-1	46
48	47	1	-1	47
49	48	1	-1	48
50	49	1	-1	49
51	50	1	-1	50
52	51	1	-1	51
53	52	1	-1	52
54	53	1	-1	53
55	54	1	-1	54
56	55	1	-1	55
57	56	1	-1	56
58	57	1	-1	57
59	58	1	-1	58
60	59	1	-1	59
61	60	1	-1	60
62	61	1	-1	61
63	62	1	-1	62
64	63	1	-1	63
65	64	1	-1	64
66	65	1	-1	65
67	66	1	-1	66
68	67	1	-1	67
69	68	1	-1	68
70	69	1	-1	69
71	70	1	-1	70
72	71	1	-1	71
73	72	1	-1	72
74	73	1	-1	73
75	74	1	-1	74
76	75	1	-1	75
77	76	1	-1	76
78	77	1	-1	77
79	78	1	-1	78
80	79	1	-1	79
81	80	1	-1	80
82	81	1	-1	81
83	82	1	-1	82
84	83	1	-1	83
85	84	1	-1	84
86	85	1	-1	85
87	86	1	-1	86
88	87	1	-1	87
89	88	1	-1	88
90	89	1	-1	89
91	90	1	-1	90
92	91	1	-1	91
93	92	1	-1	92
94	93	1	-1	93
95	94	1	-1	94
96	95	1	-1	95
97	96	1	-1	96
98	97	1	-1	97
99	98	1	-1	98
100	99	1	-1	99
101	100	1	-1	100
102	101	1	-1	101
103	102	1	-1	102
104	103	1	-1	103
105	104	1	-1	104
106	105	1	-1	105
107	106	1	-1	106
108	107	1	-1	107
109	108	1	-1	108
110	109	1	-1	109
111	110	1	-1	110
112	111	1	-1	111
113	112	1	-1	112
114	113	1	-1	113
115	114	1	-1	114
116	115	1	-1	115
117	116	1	-1	116
118	117	1	-1	117
119	118	1	-1	118
120	119	1	-1	119
121	120	1	-1	120
122	121	1	-1	121
123	122	1	-1	122
124	123	1	-1	123
125	124	1	-1	124
126	125	1	-1	125
127	126	1	-1	126
128	127	1	-1	127
129	128	1	-1	128
130	129	1	-1	129
131	130	1	-1	130
132	131	1	-1	131
133	132	1	-1	132
134	133	1	-1	133
135	134	1	-1	134
136	135	1	-1	135
137	136	1	-1	136
138	137	1	-1	137
139	138	1	-1	138
140	139	1	-1	139
141	140	1	-1	140
142	141	1	-1	141
143	142	1	-1	142
144	143	1	-1	143
145	144	1	-1	144
146	145	1	-1	145
147	146	1	-1	146
148	147	1	-1	147
149	148	1	-1	148
150	149	1	-1	149
151	150	1	-1	150
152	151	1	-1	151
153	152	1	-1	152
154	153	1	-1	153
155	154	1	-1	154
156	155	1	-1	155
157	156	1	-1	156
158	157	1	-1	157
159	158	1	-1	158
160	159	1	-1	159
161	160	1	-1	160
162	161	1	-1	161
163	162	1	-1	162
164	163	1	-1	163
165	164	1	-1	164
166	165	1	-1	165
167	166	1	-1	166
168	167	1	-1	167
169	168	1	-1	168
170	169	1	-1	169
171	170	1	-1	170
172	171	1	-1	171
173	172	1	-1	172
174	173	1	-1	173
175	174	1	-1	174
176	175	1	-1	175
177	176	1	-1	176
178	177	1	-1	177
179	178	1	-1	178
180	179	1	-1	179
181	180	1	-1	180
182	181	1	-1	181
183	182	1	-1	182
184	183	1	-1	183
185	184	1	-1	184
186	185	1	-1	185
187	186	1	-1	186
188	187	1	-1	187
189	188	1	-1	188
190	189	1	-1	189
191	190	1	-1	190
192	191	1	-1	191
193	192	1	-1	192
194	193	1	-1	193
195	194	1	-1	194
196	195	1	-1	195
197	196	1	-1	196
198	197	1	-1	197
199	198	1	-1	198
200	199	1	-1	199
201	200	1	-1	200
202	201	1	-1	201
203	202	1	-1	202
204	203	1	-1	203
205	204	1	-1	204
206	205	1	-1	205
207	206	1	-1	206
208	207	1	-1	207
209	208	1	-1	208
210	209	1	-1	209
211	210	1	-1	210
212	211	1	-1	211
213	212	1	-1	212
214	213	1	-1	213
215	214	1	-1	214
216	215	1	-1	215
217	216	1	-1	216
218	217	1	-1	217
219	218	1	-1	218
220	219	1	-1	219
221	220	1	-1	220
222	221	1	-1	221
223	222	1	-1	222
224	223	1	-1	223
225	224	1	-1	224
226	225	1	-1	225
227	226	1	-1	226
228	227	1	-1	227
229	228	1	-1	228
230	229	1	-1	229
231	230	1	-1	230
232	231	1	-1	231
233	232	1	-1	232
234	233	1	-1	233
235	234	1	-1	234
236	235	1	-1	235
237	236	1	-1	236
238	237	1	-1	237
239	238	1	-1	238
240	239	1	-1	239
241	240	1	-1	240
242	241	1	-1	241
243	242	1	-1	242
244	243	1	-1	243
245	244	1	-1	244
246	245	1	-1	245
247	246	1	-1	246
248	247	1	-1	247
249	248	1	-1	248
250	249	1	-1	249
251	250	1	-1	250
252	251	1	-1	251
253	252	1	-1	252
254	253	1	-1	253
255	254	1	-1	254
256	255	1	-1	255
257	256	1	-1	256
258	257	1	-1	257
259	258	1	-1	258
260	259	1	-1	259
261	260	1	-1	260
262	261	1	-1	261
263	262	1	-1	262
264	263	1	-1	263
265	264	1	-1	264
266	265	1	-1	265
267	266	1	-1	266
268	267	1	-1	267
269	268	1	-1	268
270	269	1	-1	269
271	270	1	-1	270
272	271	1	-1	271
273	272	1	-1	272
274	273	1	-1	273
275	274	1	-1	274
276	275	1	-1	275
277	276	1	-1	276
278	277	1	-1	277
279	278	1	-1	278
280	279	1	-1	279
281	280	1	-1	280
282	281	1	-1	281
283	282	1	-1	282
284	283	1	-1	283
285	284	1	-1	284
286	285	1	-1	285
287	286	1	-1	286
288	287	1	-1	287
289	288	1	-1	288
290	289	1	-1	289
291	290	1	-1	290
292	291	1	-1	291
293	292	1	-1	292
294	293	1	-1	293
295	294	1	-1	294
296	295	1	-1	295
297	296	1	-1	296
298	297	1	-1	297
299	298	1	-1	298
300	299	1	-1	299
301	300	1	-1	300
302	301	1	-1	301
303	302	1	-1	302
304	303	1	-1	303
305	304	1	-1	304
306	305	1	-1	305
307	306	1	-1	306
308	307	1	-1	307
309	308	1	-1	308
310	309	1	-1	309
311	310	1	-1	310
312	311	1	-1	311
313	312	1	-1	312
314	313	1	-1	313
315	314	1	-1	314
316	315	1	-1	315
317	316	1	-1	316
318	317	1	-1	317
319	318	1	-1	318
320	319	1	-1	319
321	320	1	-1	320
322	321	1	-1	321
323	322	1	-1	322
324	323	1	-1	323
325	324	1	-1	324
326	325	1	-1	325
327	326	1	-1	326
328	327	1	-1	327
329	328	1	-1	328
330	329	1	-1	329
331	330	1	-1	330
332	331	1	-1	331
333	332	1	-1	332
334	333	1	-1	333
335	334	1	-1	334
336	335	1	-1	335
337	336	1	-1	336
338	337	1	-1	337
339	338	1	-1	338
340	339	1	-1	339
341	340	1	-1	340
342	341	1	-1	341
343	342	1	-1	342
344	343	1	-1	343
345	344	1	-1	344
346	345	1	-1	345
347	346	1	-1	346
348	347	1	-1	347
349	348	1	-1	348
350	349	1	-1	349
351	350	1	-1	350
352	351	1	-1	351
353	352	1	-1	352
354	353	1	-1	353
355	354	1	-1	354
356	355	1	-1	355
357	356	1	-1	356
358	357	1	-1	357
359	358	1	-1	358
360	359	1	-1	359
361	360	1	-1	360
362	361	1	-1	361
363	362	1	-1	362
364	363	1	-1	363
365	364	1	-1	364
366	365	1	-1	365
367	366	1	-1	366
368	367	1	-1	367
369	368	1	-1	368
370	369	1	-1	369
371	370	1	-1	370
372	371	1	-1	371
373	372	1	-1	372
374	373	1	-1	373
375	374	1	-1	374
376	375	1	-1	375
377	376	1	-1	376
378	377	1	-1	377
379	378	1	-1	378
380	379	1	-1	379
381	380	1	-1	380
382	381	1	-1	381
383	382	1	-1	382
384	383	1	-1	383
385	384	1	-1	384
386	385	1	-1	385
387	386	1	-1	386
388	387	1	-1	387
389	388	1	-1	388
390	389	1	-1	389
391	390	1	-1	390
392	391	1	-1	391
393	392	1	-1	392
394	393	1	-1	393
395	394	1	-1	394
396	395	1	-1	395
397	396	1	-1	396
398	397	1	-1	397
399	398	1	-1	398
400	399	1	-1	399
401	400	1	-1	400
402	401	1	-1	401
403	402	1	-1	402
404	403	1	-1	403
405	404	1	-1	404
406	405	1	-1	405
407	406	1	-1	406
408	407	1	-1	407
409	408	1	-1	408
410	409	1	-1	409
411	410	1	-1	410
412	411	1	-1	411
413	412	1	-1	412
414	413	1	-1	413
415	414	1	-1	414
416	415	1	-1	415
417	416	1	-1	416
418	417	1	-1	417
419	418	1	-1	418
420	419	1	-1	419
421	420	1	-1	420
422	421	1	-1	421
423	422	1	-1	422
424	423	1	-1	423
425	424	1	-1	424
426	425	1	-1	425
427	426	1	-1	426
428	427	1	-1	427
429	428	1	-1	428
430	429	1	-1	429
431	430	1	-1	430
432	431	1	-1	431
433	432	1	-1	432
434	433	1	-1	433
435	434	1	-1	434
436	435	1	-1	435
437	436	1	-1	436
438	437	1	-1	437
439	438	1	-1	438
440	439	1	-1	439
441	440	1	-1	440
442	441	1	-1	441
443	442	1	-1	442
444	443	1	-1	443
445	444	1	-1	444
446	445	1	-1	445
447	446	1	-1	446
448	447	1	-1	447
449	448	1	-1	448
450	449	1	-1	449
451	450	1	-1	450
452	451	1	-1	451
453	452	1	-1	452
454	453	1	-1	453
455	454	1	-1	454
456	455	1	-1	455
457	456	1	-1	456
458	457	1	-1	457
459	458	1	-1	458
460	459	1	-1	459
461	460	1	-1	460
462	461	1	-1	461
463	462	1	-1	462
464	463	1	-1	463
465	464	1	-1	464
466	465	1	-1	465
467	466	1	-1	466
468	467	1	-1	467
469	468	1	-1	468
470	469	1	-1	469
471	470	1	-1	470
472	471	1	-1	471
473	472	1	-1	472
474	473	1	-1	473
475	474	1	-1	474
476	475	1	-1	475
477	476	1	-1	476
478	477	1	-1	477
479	478	1	-1	478
480	479	1	-1	479
481	480	1	-1	480
482	481	1	-1	481
483	482	1	-1	482
484	483	1	-1	483
485	484	1	-1	484
486	485	1	-1	485
487	486	1	-1	486
488	487	1	-1	487
489	488	1	-1	488
490	489	1	-1	489
491	490	1	-1	490
492	491	1	-1	491
493	492	1	-1	492
494	493	1	-1	493
495	494	1	-1	494
496	495	1	-1	495
497	496	1	-1	496
498	497	1	-1	497
499	498	1	-1	498
500	499	1	-1	499
501	500	1	-1	500
502	501	1	-1	501
503	502	1	-1	502
504	503	1	-1	503
505	504	1	-1	504
506	505	1	-1	505
507	506	1	-1	506
508	507	1	-1	507
509	508	1	-1	508
510	509	1	-1	509
511	510	1	-1	510
512	511	1	-1	511
513	512	1	-1	512
514	513	1	-1	513
515	514	1	-1	514
516	515	1	-1	515
517	516	1	-1	516
518	517	1	-1	517
519	518	1	-1	518
520	519	1	-1	519
521	520	1	-1	520
522	521	1	-1	521
523	522	1	-1	522
524	523	1	-1	523
525	524	1	-1	524
526	525	1	-1	525
527	526	1	-1	526
528	527	1	-1	527
529	528	1	-1	528
530	529	1	-1	529
531	530	1	-1	530
532	531	1	-1	531
533	532	1	-1	532
534	533	1	-1	533
535	534	1	-1	534
536	535	1	-1	535
537	536	1	-1	536
538	537	1	-1	537
539	538	1	-1	538
540	539	1	-1	539
541	540	1	-1	540
542	541	1	-1	541
543	542	1	-1	542
544	543	1	-1	543
545	544	1	-1	544
546	545	1	-1	545
547	546	1	-1	546
548	547	1	-1	547
549	548	1	-1	548
550	549	1	-1	549
551	550	1	-1	550
552	551	1	-1	551
553	552	1	-1	552
554	553	1	-1	553
555	554	1	-1	554
556	555	1	-1	555
557	556	1	-1	556
558	557	1	-1	557
559	558	1	-1	558
560	559	1	-1	559
561	560	1	-1	560
562	561	1	-1	561
563	562	1	-1	562
564	563	1	-1	563
565	564	1	-1	564
566	565	1	-1	565
567	566	1	-1	566
568	567	1	-1	567
569	568	1	-1	568
570	569	1	-1	569
571	570	1	-1	570
572	571	1	-1	571
573	572	1	-1	572
574	573	1	-1	573
575	574	1	-1	574
576	575	1	-1	575
577	576	1	-1	576
578	577	1	-1	577
579	578	1	-1	578
580	579	1	-1	579
581	580	1	-1	580
582	581	1	-1	581
583	582	1	-1	582
584	583	1	-1	583
585	584	1	-1	584
586	585	1	-1	585
587	586	1	-1	586
588	587	1	-1	587
589	588	1	-1	588
590	589	1	-1	589
591	590	1	-1	590
592	591	1	-1	591
593	592	1	-1	592
594	593	1	-1	593
595	594	1	-1	594
596	595	1	-1	595
597	596	1	-1	596
598	597	1	-1	597
599	598	1	-1	598
600	599	1	-1	599
601	600	1	-1	600
602	601	1	-1	601
603	602	1	-1	602
604	603	1	-1	603
605	604	1	-1	604
606	605	1	-1	605
607	606	1	-1	606
608	607	1	-1	607
609	608	1	-1	608
610	609	1	-1	609
611	610	1	-1	610
612	611	1	-1	611
613	612	1	-1	612
614	613	1	-1	613
615	614	1	-1	614
616	615	1	-1	615
617	616	1	-1	616
618	617	1	-1	617
619	618	1	-1	618
620	619	1	-1	619
621	620	1	-1	620
622	621	1	-1	621
623	622	1	-1	622
624	623	1	-1	623
625	624	1	-1	624
626	625	1	-1	625
627	626	1	-1	626
628	627	1	-1	627
629	628	1	-1	628
630	629	1	-1	629
631	630	1	-1	630
632	631	1	-1	631
633	632	1	-1	632
634	633	1	-1	633
635	634	1	-1	634
636	635	1	-1	635
637	636	1	-1	636
638	637	1	-1	637
639	638	1	-1	638
640	639	1	-1	639
641	640	1	-1	640
642	641	1	-1	641
643	642	1	-1	642
644	643	1	-1	643
645	644	1	-1	644
646	645	1	-1	645
647	646	1	-1	646
648	647	1	-1	647
649	648	1	-1	648
650	649	1	-1	649
651	650	1	-1	650
652	651	1	-1	651
653	652	1	-1	652
654	653	1	-1	653
655	654	1	-1	654
656	655	1	-1	655
657	656	1	-1	656
658	657	1	-1	657
659	658	1	-1	658
660	659	1	-1	659
661	660	1	-1	660
662	661	1	-1	661
663	662	1	-1	662
664	663	1	-1	663
665	664	1	-1	664
666	665	1	-1	665
667	666	1	-1	666
668	667	1	-1	667
669	668	1	-1	668
670	669	1	-1	669
671	670	1	-1	670
672	671	1	-1	671
673	672	1	-1	672
674	673	1	-1	673
675	674	1	-1	674
676	675	1	-1	675
677	676	1	-1	676
678	677	1	-1	677
679	678	1	-1	678
680	679	1	-1	679
681	680	1	-1	680
682	681	1	-1	681
683	682	1	-1	682
684	683	1	-1	683
685	684	1	-1	684
686	685	1	-1	685
687	686	1	-1	686
688	687	1	-1	687
689	688	1	-1	688
690	689	1	-1	689
691	690	1	-1	690
692	691	1	-1	691
693	692	1	-1	692
694	693	1	-1	693
695	694	1	-1	694
696	695	1	-1	695
697	696	1	-1	696
698	697	1	-1	697
699	698	1	-1	698
700	699	1	-1	699
702	701	1	0	-1
703	702	1	1	-1
704	703	1	2	-1
705	704	1	3	-1
706	705	1	4	-1
707	706	1	5	-1
708	707	1	6	-1
709	708	1	7	-1
710	709	1	8	-1
711	710	1	9	-1
712	711	1	10	-1
713	712	1	11	-1
714	713	1	12	-1
715	714	1	13	-1
716	715	1	14	-1
717	716	1	15	-1
718	717	1	16	-1
719	718	1	17	-1
720	719	1	18	-1
721	720	1	19	-1
722	721	1	20	-1
723	722	1	21	-1
724	723	1	22	-1
725	724	1	23	-1
726	725	1	24	-1
727	726	1	25	-1
728	727	1	26	-1
729	728	1	27	-1
730	729	1	28	-1
731	730	1	29	-1
732	731	1	30	-1
733	732	1	31	-1
734	733	1	32	-1
735	734	1	33	-1
736	735	1	34	-1
737	736	1	35	-1
738	737	1	36	-1
739	738	1	37	-1
740	739	1	38	-1
741	740	1	39	-1
742	741	1	40	-1
743	742	1	41	-1
744	743	1	42	-1
745	744	1	43	-1
746	745	1	44	-1
747	746	1	45	-1
748	747	1	46	-1
749	748	1	47	-1
750	749	1	48	-1
751	750	1	49	-1
752	751	1	50	-1
753	752	1	51	-1
754	753	1	52	-1
755	754	1	53	-1
756	755	1	54	-1
757	756	1	55	-1
758	757	1	56	-1
759	758	1	57	-1
760	759	1	58	-1
761	760	1	59	-1
762	761	1	60	-1
763	762	1	61	-1
764	763	1	62	-1
765	764	1	63	-1
766	765	1	64	-1
767	766	1	65	-1
768	767	1	66	-1
769	768	1	67	-1
770	769	1	68	-1
771	770	1	69	-1
772	771	1	70	-1
773	772	1	71	-1
774	773	1	72	-1
775	774	1	73	-1
776	775	1	74	-1
777	776	1	75	-1
778	777	1	76	-1
779	778	1	77	-1
780	779	1	78	-1
781	780	1	79	-1
782	781	1	80	-1
783	782	1	81	-1
784	783	1	82	-1
785	784	1	83	-1
786	785	1	84	-1
787	786	1	85	-1
788	787	1	86	-1
789	788	1	87	-1
790	789	1	88	-1
791	790	1	89	-1
792	791	1	90	-1
793	792	1	91	-1
794	793	1	92	-1
795	794	1	93	-1
796	795	1	94	-1
797	796	1	95	-1
798	797	1	96	-1
799	798	1	97	-1
800	799	1	98	-1
801	800	1	99	-1
802	801	1	100	-1
803	802	1	101	-1
804	803	1	102	-1
805	804	1	103	-1
806	805	1	104	-1
807	806	1	105	-1
808	807	1	106	-1
809	808	1	107	-1
810	809	1	108	-1
811	810	1	109	-1
812	811	1	110	-1
813	812	1	111	-1
814	813	1	112	-1
815	814	1	113	-1
816	815	1	114	-1
817	816	1	115	-1
818	817	1	116	-1
819	818	1	117	-1
820	819	1	118	-1
821	820	1	119	-1
822	821	1	120	-1
823	822	1	121	-1
824	823	1	122	-1
825	824	1	123	-1
826	825	1	124	-1
827	826	1	125	-1
828	827	1	126	-1
829	828	1	127	-1
830	829	1	128	-1
831	830	1	129	-1
832	831	1	130	-1
833	832	1	131	-1
834	833	1	132	-1
835	834	1	133	-1
836	835	1	134	-1
837	836	1	135	-1
838	837	1	136	-1
839	838	1	137	-1
840	839	1	138	-1
841	840	1	139	-1
842	841	1	140	-1
843	842	1	141	-1
844	843	1	142	-1
845	844	1	143	-1
846	845	1	144	-1
847	846	1	145	-1
848	847	1	146	-1
849	848	1	147	-1
850	849	1	148	-1
851	850	1	149	-1
852	851	1	150	-1
853	852	1	151	-1
854	853	1	152	-1
855	854	1	153	-1
856	855	1	154	-1
857	856	1	155	-1
858	857	1	156	-1
859	858	1	157	-1
860	859	1	158	-1
861	860	1	159	-1
862	861	1	160	-1
863	862	1	161	-1
864	863	1	162	-1
865	864	1	163	-1
866	865	1	164	-1
867	866	1	165	-1
868	867	1	166	-1
869	868	1	167	-1
870	869	1	168	-1
871	870	1	169	-1
872	871	1	170	-1
873	872	1	171	-1
874	873	1	172	-1
875	874	1	173	-1
876	875	1	174	-1
877	876	1	175	-1
878	877	1	176	-1
879	878	1	177	-1
880	879	1	178	-1
881	880	1	179	-1
882	881	1	180	-1
883	882	1	181	-1
884	883	1	182	-1
885	884	1	183	-1
886	885	1	184	-1
887	886	1	185	-1
888	887	1	186	-1
889	888	1	187	-1
890	889	1	188	-1
891	890	1	189	-1
892	891	1	190	-1
893	892	1	191	-1
894	893	1	192	-1
895	894	1	193	-1
896	895	1	194	-1
897	896	1	195	-1
898	897	1	196	-1
899	898	1	197	-1
900	899	1	198	-1
901	900	1	199	-1
902	901	1	200	-1
903	902	1	201	-1
904	903	1	202	-1
905	904	1	203	-1
906	905	1	204	-1
907	906	1	205	-1
908	907	1	206	-1
909	908	1	207	-1
910	909	1	208	-1
911	910	1	209	-1
912	911	1	210	-1
913	912	1	211	-1
914	913	1	212	-1
915	914	1	213	-1
916	915	1	214	-1
917	916	1	215	-1
918	917	1	216	-1
919	918	1	217	-1
920	919	1	218	-1
921	920	1	219	-1
922	921	1	220	-1
923	922	1	221	-1
924	923	1	222	-1
925	924	1	223	-1
926	925	1	224	-1
927	926	1	225	-1
928	927	1	226	-1
929	928	1	227	-1
930	929	1	228	-1
931	930	1	229	-1
932	931	1	230	-1
933	932	1	231	-1
934	933	1	232	-1
935	934	1	233	-1
936	935	1	234	-1
937	936	1	235	-1
938	937	1	236	-1
939	938	1	237	-1
940	939	1	238	-1
941	940	1	239	-1
942	941	1	240	-1
943	942	1	241	-1
944	943	1	242	-1
945	944	1	243	-1
946	945	1	244	-1
947	946	1	245	-1
948	947	1	246	-1
949	948	1	247	-1
950	949	1	248	-1
951	950	1	249	-1
952	951	1	250	-1
953	952	1	251	-1
954	953	1	252	-1
955	954	1	253	-1
956	955	1	254	-1
957	956	1	255	-1
958	957	1	256	-1
959	958	1	257	-1
960	959	1	258	-1
961	960	1	259	-1
962	961	1	260	-1
963	962	1	261	-1
964	963	1	262	-1
965	964	1	263	-1
966	965	1	264	-1
967	966	1	265	-1
968	967	1	266	-1
969	968	1	267	-1
970	969	1	268	-1
971	970	1	269	-1
972	971	1	270	-1
973	972	1	271	-1
974	973	1	272	-1
975	974	1	273	-1
976	975	1	274	-1
977	976	1	275	-1
978	977	1	276	-1
979	978	1	277	-1
980	979	1	278	-1
981	980	1	279	-1
982	981	1	280	-1
983	982	1	281	-1
984	983	1	282	-1
985	984	1	283	-1
986	985	1	284	-1
987	986	1	285	-1
988	987	1	286	-1
989	988	1	287	-1
990	989	1	288	-1
991	990	1	289	-1
992	991	1	290	-1
993	992	1	291	-1
994	993	1	292	-1
995	994	1	293	-1
996	995	1	294	-1
997	996	1	295	-1
998	997	1	296	-1
999	998	1	297	-1
1000	999	1	298	-1
1001	1000	1	299	-1
1002	1001	1	300	-1
1003	1002	1	301	-1
1004	1003	1	302	-1
1005	1004	1	303	-1
1006	1005	1	304	-1
1007	1006	1	305	-1
1008	1007	1	306	-1
1009	1008	1	307	-1
1010	1009	1	308	-1
1011	1010	1	309	-1
1012	1011	1	310	-1
1013	1012	1	311	-1
1014	1013	1	312	-1
1015	1014	1	313	-1
1016	1015	1	314	-1
1017	1016	1	315	-1
1018	1017	1	316	-1
1019	1018	1	317	-1
1020	1019	1	318	-1
1021	1020	1	319	-1
1022	1021	1	320	-1
1023	1022	1	321	-1
1024	1023	1	322	-1
1025	1024	1	323	-1
1026	1025	1	324	-1
1027	1026	1	325	-1
1028	1027	1	326	-1
1029	1028	1	327	-1
1030	1029	1	328	-1
1031	1030	1	329	-1
1032	1031	1	330	-1
1033	1032	1	331	-1
1034	1033	1	332	-1
1035	1034	1	333	-1
1036	1035	1	334	-1
1037	1036	1	335	-1
1038	1037	1	336	-1
1039	1038	1	337	-1
1040	1039	1	338	-1
1041	1040	1	339	-1
1042	1041	1	340	-1
1043	1042	1	341	-1
1044	1043	1	342	-1
1045	1044	1	343	-1
1046	1045	1	344	-1
1047	1046	1	345	-1
1048	1047	1	346	-1
1049	1048	1	347	-1
1050	1049	1	348	-1
1051	1050	1	349	-1
1052	1051	1	350	-1
1053	1052	1	351	-1
1054	1053	1	352	-1
1055	1054	1	353	-1
1056	1055	1	354	-1
1057	1056	1	355	-1
1058	1057	1	356	-1
1059	1058	1	357	-1
1060	1059	1	358	-1
1061	1060	1	359	-1
1062	1061	1	360	-1
1063	1062	1	361	-1
1064	1063	1	362	-1
1065	1064	1	363	-1
1066	1065	1	364	-1
1067	1066	1	365	-1
1068	1067	1	366	-1
1069	1068	1	367	-1
1070	1069	1	368	-1
1071	1070	1	369	-1
1072	1071	1	370	-1
1073	1072	1	371	-1
1074	1073	1	372	-1
1075	1074	1	373	-1
1076	1075	1	374	-1
1077	1076	1	375	-1
1078	1077	1	376	-1
1079	1078	1	377	-1
1080	1079	1	378	-1
1081	1080	1	379	-1
1082	1081	1	380	-1
1083	1082	1	381	-1
1084	1083	1	382	-1
1085	1084	1	383	-1
1086	1085	1	384	-1
1087	1086	1	385	-1
1088	1087	1	386	-1
1089	1088	1	387	-1
1090	1089	1	388	-1
1091	1090	1	389	-1
1092	1091	1	390	-1
1093	1092	1	391	-1
1094	1093	1	392	-1
1095	1094	1	393	-1
1096	1095	1	394	-1
1097	1096	1	395	-1
1098	1097	1	396	-1
1099	1098	1	397	-1
1100	1099	1	398	-1
1101	1100	1	399	-1
1102	1101	1	400	-1
1103	1102	1	401	-1
1104	1103	1	402	-1
1105	1104	1	403	-1
1106	1105	1	404	-1
1107	1106	1	405	-1
1108	1107	1	406	-1
1109	1108	1	407	-1
1110	1109	1	408	-1
1111	1110	1	409	-1
1112	1111	1	410	-1
1113	1112	1	411	-1
1114	1113	1	412	-1
1115	1114	1	413	-1
1116	1115	1	414	-1
1117	1116	1	415	-1
1118	1117	1	416	-1
1119	1118	1	417	-1
1120	1119	1	418	-1
1121	1120	1	419	-1
1122	1121	1	420	-1
1123	1122	1	421	-1
1124	1123	1	422	-1
1125	1124	1	423	-1
1126	1125	1	424	-1
1127	1126	1	425	-1
1128	1127	1	426	-1
1129	1128	1	427	-1
1130	1129	1	428	-1
1131	1130	1	429	-1
1132	1131	1	430	-1
1133	1132	1	431	-1
1134	1133	1	432	-1
1135	1134	1	433	-1
1136	1135	1	434	-1
1137	1136	1	435	-1
1138	1137	1	436	-1
1139	1138	1	437	-1
1140	1139	1	438	-1
1141	1140	1	439	-1
1142	1141	1	440	-1
1143	1142	1	441	-1
1144	1143	1	442	-1
1145	1144	1	443	-1
1146	1145	1	444	-1
1147	1146	1	445	-1
1148	1147	1	446	-1
1149	1148	1	447	-1
1150	1149	1	448	-1
1151	1150	1	449	-1
1152	1151	1	450	-1
1153	1152	1	451	-1
1154	1153	1	452	-1
1155	1154	1	453	-1
1156	1155	1	454	-1
1157	1156	1	455	-1
1158	1157	1	456	-1
1159	1158	1	457	-1
1160	1159	1	458	-1
1161	1160	1	459	-1
1162	1161	1	460	-1
1163	1162	1	461	-1
1164	1163	1	462	-1
1165	1164	1	463	-1
1166	1165	1	464	-1
1167	1166	1	465	-1
1168	1167	1	466	-1
1169	1168	1	467	-1
1170	1169	1	468	-1
1171	1170	1	469	-1
1172	1171	1	470	-1
1173	1172	1	471	-1
1174	1173	1	472	-1
1175	1174	1	473	-1
1176	1175	1	474	-1
1177	1176	1	475	-1
1178	1177	1	476	-1
1179	1178	1	477	-1
1180	1179	1	478	-1
1181	1180	1	479	-1
1182	1181	1	480	-1
1183	1182	1	481	-1
1184	1183	1	482	-1
1185	1184	1	483	-1
1186	1185	1	484	-1
1187	1186	1	485	-1
1188	1187	1	486	-1
1189	1188	1	487	-1
1190	1189	1	488	-1
1191	1190	1	489	-1
1192	1191	1	490	-1
1193	1192	1	491	-1
1194	1193	1	492	-1
1195	1194	1	493	-1
1196	1195	1	494	-1
1197	1196	1	495	-1
1198	1197	1	496	-1
1199	1198	1	497	-1
1200	1199	1	498	-1
1201	1200	1	499	-1
1202	1201	1	500	-1
1203	1202	1	501	-1
1204	1203	1	502	-1
1205	1204	1	503	-1
1206	1205	1	504	-1
1207	1206	1	505	-1
1208	1207	1	506	-1
1209	1208	1	507	-1
1210	1209	1	508	-1
1211	1210	1	509	-1
1212	1211	1	510	-1
1213	1212	1	511	-1
1214	1213	1	512	-1
1215	1214	1	513	-1
1216	1215	1	514	-1
1217	1216	1	515	-1
1218	1217	1	516	-1
1219	1218	1	517	-1
1220	1219	1	518	-1
1221	1220	1	519	-1
1222	1221	1	520	-1
1223	1222	1	521	-1
1224	1223	1	522	-1
1225	1224	1	523	-1
1226	1225	1	524	-1
1227	1226	1	525	-1
1228	1227	1	526	-1
1229	1228	1	527	-1
1230	1229	1	528	-1
1231	1230	1	529	-1
1232	1231	1	530	-1
1233	1232	1	531	-1
1234	1233	1	532	-1
1235	1234	1	533	-1
1236	1235	1	534	-1
1237	1236	1	535	-1
1238	1237	1	536	-1
1239	1238	1	537	-1
1240	1239	1	538	-1
1241	1240	1	539	-1
1242	1241	1	540	-1
1243	1242	1	541	-1
1244	1243	1	542	-1
1245	1244	1	543	-1
1246	1245	1	544	-1
1247	1246	1	545	-1
1248	1247	1	546	-1
1249	1248	1	547	-1
1250	1249	1	548	-1
1251	1250	1	549	-1
1252	1251	1	550	-1
1253	1252	1	551	-1
1254	1253	1	552	-1
1255	1254	1	553	-1
1256	1255	1	554	-1
1257	1256	1	555	-1
1258	1257	1	556	-1
1259	1258	1	557	-1
1260	1259	1	558	-1
1261	1260	1	559	-1
1262	1261	1	560	-1
1263	1262	1	561	-1
1264	1263	1	562	-1
1265	1264	1	563	-1
1266	1265	1	564	-1
1267	1266	1	565	-1
1268	1267	1	566	-1
1269	1268	1	567	-1
1270	1269	1	568	-1
1271	1270	1	569	-1
1272	1271	1	570	-1
1273	1272	1	571	-1
1274	1273	1	572	-1
1275	1274	1	573	-1
1276	1275	1	574	-1
1277	1276	1	575	-1
1278	1277	1	576	-1
1279	1278	1	577	-1
1280	1279	1	578	-1
1281	1280	1	579	-1
1282	1281	1	580	-1
1283	1282	1	581	-1
1284	1283	1	582	-1
1285	1284	1	583	-1
1286	1285	1	584	-1
1287	1286	1	585	-1
1288	1287	1	586	-1
1289	1288	1	587	-1
1290	1289	1	588	-1
1291	1290	1	589	-1
1292	1291	1	590	-1
1293	1292	1	591	-1
1294	1293	1	592	-1
1295	1294	1	593	-1
1296	1295	1	594	-1
1297	1296	1	595	-1
1298	1297	1	596	-1
1299	1298	1	597	-1
1300	1299	1	598	-1
1301	1300	1	599	-1
1302	1301	1	600	-1
1303	1302	1	601	-1
1304	1303	1	602	-1
1305	1304	1	603	-1
1306	1305	1	604	-1
1307	1306	1	605	-1
1308	1307	1	606	-1
1309	1308	1	607	-1
1310	1309	1	608	-1
1311	1310	1	609	-1
1312	1311	1	610	-1
1313	1312	1	611	-1
1314	1313	1	612	-1
1315	1314	1	613	-1
1316	1315	1	614	-1
1317	1316	1	615	-1
1318	1317	1	616	-1
1319	1318	1	617	-1
1320	1319	1	618	-1
1321	1320	1	619	-1
1322	1321	1	620	-1
1323	1322	1	621	-1
1324	1323	1	622	-1
1325	1324	1	623	-1
1326	1325	1	624	-1
1327	1326	1	625	-1
1328	1327	1	626	-1
1329	1328	1	627	-1
1330	1329	1	628	-1
1331	1330	1	629	-1
1332	1331	1	630	-1
1333	1332	1	631	-1
1334	1333	1	632	-1
1335	1334	1	633	-1
1336	1335	1	634	-1
1337	1336	1	635	-1
1338	1337	1	636	-1
1339	1338	1	637	-1
1340	1339	1	638	-1
1341	1340	1	639	-1
1342	1341	1	640	-1
1343	1342	1	641	-1
1344	1343	1	642	-1
1345	1344	1	643	-1
1346	1345	1	644	-1
1347	1346	1	645	-1
1348	1347	1	646	-1
1349	1348	1	647	-1
1350	1349	1	648	-1
1351	1350	1	649	-1
1352	1351	1	650	-1
1353	1352	1	651	-1
1354	1353	1	652	-1
1355	1354	1	653	-1
1356	1355	1	654	-1
1357	1356	1	655	-1
1358	1357	1	656	-1
1359	1358	1	657	-1
1360	1359	1	658	-1
1361	1360	1	659	-1
1362	1361	1	660	-1
1363	1362	1	661	-1
1364	1363	1	662	-1
1365	1364	1	663	-1
1366	1365	1	664	-1
1367	1366	1	665	-1
1368	1367	1	666	-1
1369	1368	1	667	-1
1370	1369	1	668	-1
1371	1370	1	669	-1
1372	1371	1	670	-1
1373	1372	1	671	-1
1374	1373	1	672	-1
1375	1374	1	673	-1
1376	1375	1	674	-1
1377	1376	1	675	-1
1378	1377	1	676	-1
1379	1378	1	677	-1
1380	1379	1	678	-1
1381	1380	1	679	-1
1382	1381	1	680	-1
1383	1382	1	681	-1
1384	1383	1	682	-1
1385	1384	1	683	-1
1386	1385	1	684	-1
1387	1386	1	685	-1
1388	1387	1	686	-1
1389	1388	1	687	-1
1390	1389	1	688	-1
1391	1390	1	689	-1
1392	1391	1	690	-1
1393	1392	1	691	-1
1394	1393	1	692	-1
1395	1394	1	693	-1
1396	1395	1	694	-1
1397	1396	1	695	-1
1398	1397	1	696	-1
1399	1398	1	697	-1
1400	1399	1	698	-1
1401	1400	1	699	-1
