0	0	0
20	0	1
40	0	2
60	0	3
80	0	4
100	0	5
120	0	6
140	0	7
160	0	8
180	0	9
200	0	10
220	0	11
240	0	12
260	0	13
280	0	14
300	0	15
320	0	16
340	0	17
360	0	18
380	0	19
400	0	20
420	0	21
440	0	22
460	0	23
480	0	24
500	0	25
520	0	26
540	0	27
560	0	28
580	0	29
600	0	30
620	0	31
640	0	32
660	0	33
680	0	34
700	0	35
720	0	36
740	0	37
760	0	38
780	0	39
800	0	40
820	0	41
840	0	42
860	0	43
880	0	44
900	0	45
920	0	46
940	0	47
960	0	48
980	0	49
1000	0	50
1020	0	51
1040	0	52
1060	0	53
1080	0	54
1100	0	55
1120	0	56
1140	0	57
1160	0	58
1180	0	59
1200	0	60
1220	0	61
1240	0	62
1260	0	63
1280	0	64
1300	0	65
1320	0	66
1340	0	67
1360	0	68
1380	0	69
1400	0	70
1420	0	71
1440	0	72
1460	0	73
1480	0	74
1500	0	75
1520	0	76
1540	0	77
1560	0	78
1580	0	79
1600	0	80
1620	0	81
1640	0	82
1660	0	83
1680	0	84
1700	0	85
1720	0	86
1740	0	87
1760	0	88
1780	0	89
1800	0	90
1820	0	91
1840	0	92
1860	0	93
1880	0	94
1900	0	95
1920	0	96
1940	0	97
1960	0	98
1980	0	99
2000	0	100
2020	0	101
2040	0	102
2060	0	103
2080	0	104
2100	0	105
2120	0	106
2140	0	107
2160	0	108
2180	0	109
2200	0	110
2220	0	111
2240	0	112
2260	0	113
2280	0	114
2300	0	115
2320	0	116
2340	0	117
2360	0	118
2380	0	119
2400	0	120
2420	0	121
2440	0	122
2460	0	123
2480	0	124
2500	0	125
2520	0	126
2540	0	127
2560	0	128
2580	0	129
2600	0	130
2620	0	131
2640	0	132
2660	0	133
2680	0	134
2700	0	135
2720	0	136
2740	0	137
2760	0	138
2780	0	139
2800	0	140
2820	0	141
2840	0	142
2860	0	143
2880	0	144
2900	0	145
2920	0	146
2940	0	147
2960	0	148
2980	0	149
3000	0	150
3020	0	151
3040	0	152
3060	0	153
3080	0	154
3100	0	155
3120	0	156
3140	0	157
3160	0	158
3180	0	159
3200	0	160
3220	0	161
3240	0	162
3260	0	163
3280	0	164
3300	0	165
3320	0	166
3340	0	167
3360	0	168
3380	0	169
3400	0	170
3420	0	171
3440	0	172
3460	0	173
3480	0	174
3500	0	175
3520	0	176
3540	0	177
3560	0	178
3580	0	179
3600	0	180
3620	0	181
3640	0	182
3660	0	183
3680	0	184
3700	0	185
3720	0	186
3740	0	187
3760	0	188
3780	0	189
3800	0	190
3820	0	191
3840	0	192
3860	0	193
3880	0	194
3900	0	195
3920	0	196
3940	0	197
3960	0	198
3980	0	199
4000	0	200
4020	0	201
4040	0	202
4060	0	203
4080	0	204
4100	0	205
4120	0	206
4140	0	207
4160	0	208
4180	0	209
4200	0	210
4220	0	211
4240	0	212
4260	0	213
4280	0	214
4300	0	215
4320	0	216
4340	0	217
4360	0	218
4380	0	219
4400	0	220
4420	0	221
4440	0	222
4460	0	223
4480	0	224
4500	0	225
4520	0	226
4540	0	227
4560	0	228
4580	0	229
4600	0	230
4620	0	231
4640	0	232
4660	0	233
4680	0	234
4700	0	235
4720	0	236
4740	0	237
4760	0	238
4780	0	239
4800	0	240
4820	0	241
4840	0	242
4860	0	243
4880	0	244
4900	0	245
4920	0	246
4940	0	247
4960	0	248
4980	0	249
5000	0	250
5020	0	251
5040	0	252
5060	0	253
5080	0	254
5100	0	255
5120	0	256
5140	0	257
5160	0	258
5180	0	259
5200	0	260
5220	0	261
5240	0	262
5260	0	263
5280	0	264
5300	0	265
5320	0	266
5340	0	267
5360	0	268
5380	0	269
5400	0	270
5420	0	271
5440	0	272
5460	0	273
5480	0	274
5500	0	275
5520	0	276
5540	0	277
5560	0	278
5580	0	279
5600	0	280
5620	0	281
5640	0	282
5660	0	283
5680	0	284
5700	0	285
5720	0	286
5740	0	287
5760	0	288
5780	0	289
5800	0	290
5820	0	291
5840	0	292
5860	0	293
5880	0	294
5900	0	295
5920	0	296
5940	0	297
5960	0	298
5980	0	299
6000	0	300
6020	0	301
6040	0	302
6060	0	303
6080	0	304
6100	0	305
6120	0	306
6140	0	307
6160	0	308
6180	0	309
6200	0	310
6220	0	311
6240	0	312
6260	0	313
6280	0	314
6300	0	315
6320	0	316
6340	0	317
6360	0	318
6380	0	319
6400	0	320
6420	0	321
6440	0	322
6460	0	323
6480	0	324
6500	0	325
6520	0	326
6540	0	327
6560	0	328
6580	0	329
6600	0	330
6620	0	331
6640	0	332
6660	0	333
6680	0	334
6700	0	335
6720	0	336
6740	0	337
6760	0	338
6780	0	339
6800	0	340
6820	0	341
6840	0	342
6860	0	343
6880	0	344
6900	0	345
6920	0	346
6940	0	347
6960	0	348
6980	0	349
7000	0	350
7020	0	351
7040	0	352
7060	0	353
7080	0	354
7100	0	355
7120	0	356
7140	0	357
7160	0	358
7180	0	359
7200	0	360
7220	0	361
7240	0	362
7260	0	363
7280	0	364
7300	0	365
7320	0	366
7340	0	367
7360	0	368
7380	0	369
7400	0	370
7420	0	371
7440	0	372
7460	0	373
7480	0	374
7500	0	375
7520	0	376
7540	0	377
7560	0	378
7580	0	379
7600	0	380
7620	0	381
7640	0	382
7660	0	383
7680	0	384
7700	0	385
7720	0	386
7740	0	387
7760	0	388
7780	0	389
7800	0	390
7820	0	391
7840	0	392
7860	0	393
7880	0	394
7900	0	395
7920	0	396
7940	0	397
7960	0	398
7980	0	399
8000	0	400
8020	0	401
8040	0	402
8060	0	403
8080	0	404
8100	0	405
8120	0	406
8140	0	407
8160	0	408
8180	0	409
8200	0	410
8220	0	411
8240	0	412
8260	0	413
8280	0	414
8300	0	415
8320	0	416
8340	0	417
8360	0	418
8380	0	419
8400	0	420
8420	0	421
8440	0	422
8460	0	423
8480	0	424
8500	0	425
8520	0	426
8540	0	427
8560	0	428
8580	0	429
8600	0	430
8620	0	431
8640	0	432
8660	0	433
8680	0	434
8700	0	435
8720	0	436
8740	0	437
8760	0	438
8780	0	439
8800	0	440
8820	0	441
8840	0	442
8860	0	443
8880	0	444
8900	0	445
8920	0	446
8940	0	447
8960	0	448
8980	0	449
9000	0	450
9020	0	451
9040	0	452
9060	0	453
9080	0	454
9100	0	455
9120	0	456
9140	0	457
9160	0	458
9180	0	459
9200	0	460
9220	0	461
9240	0	462
9260	0	463
9280	0	464
9300	0	465
9320	0	466
9340	0	467
9360	0	468
9380	0	469
9400	0	470
9420	0	471
9440	0	472
9460	0	473
9480	0	474
9500	0	475
9520	0	476
9540	0	477
9560	0	478
9580	0	479
9600	0	480
9620	0	481
9640	0	482
9660	0	483
9680	0	484
9700	0	485
9720	0	486
9740	0	487
9760	0	488
9780	0	489
9800	0	490
9820	0	491
9840	0	492
9860	0	493
9880	0	494
9900	0	495
9920	0	496
9940	0	497
9960	0	498
9980	0	499
10000	0	500
10020	0	501
10040	0	502
10060	0	503
10080	0	504
10100	0	505
10120	0	506
10140	0	507
10160	0	508
10180	0	509
10200	0	510
10220	0	511
10240	0	512
10260	0	513
10280	0	514
10300	0	515
10320	0	516
10340	0	517
10360	0	518
10380	0	519
10400	0	520
10420	0	521
10440	0	522
10460	0	523
10480	0	524
10500	0	525
10520	0	526
10540	0	527
10560	0	528
10580	0	529
10600	0	530
10620	0	531
10640	0	532
10660	0	533
10680	0	534
10700	0	535
10720	0	536
10740	0	537
10760	0	538
10780	0	539
10800	0	540
10820	0	541
10840	0	542
10860	0	543
10880	0	544
10900	0	545
10920	0	546
10940	0	547
10960	0	548
10980	0	549
11000	0	550
11020	0	551
11040	0	552
11060	0	553
11080	0	554
11100	0	555
11120	0	556
11140	0	557
11160	0	558
11180	0	559
11200	0	560
11220	0	561
11240	0	562
11260	0	563
11280	0	564
11300	0	565
11320	0	566
11340	0	567
11360	0	568
11380	0	569
11400	0	570
11420	0	571
11440	0	572
11460	0	573
11480	0	574
11500	0	575
11520	0	576
11540	0	577
11560	0	578
11580	0	579
11600	0	580
11620	0	581
11640	0	582
11660	0	583
11680	0	584
11700	0	585
11720	0	586
11740	0	587
11760	0	588
11780	0	589
11800	0	590
11820	0	591
11840	0	592
11860	0	593
11880	0	594
11900	0	595
11920	0	596
11940	0	597
11960	0	598
11980	0	599
12000	0	600
12020	0	601
12040	0	602
12060	0	603
12080	0	604
12100	0	605
12120	0	606
12140	0	607
12160	0	608
12180	0	609
12200	0	610
12220	0	611
12240	0	612
12260	0	613
12280	0	614
12300	0	615
12320	0	616
12340	0	617
12360	0	618
12380	0	619
12400	0	620
12420	0	621
12440	0	622
12460	0	623
12480	0	624
12500	0	625
12520	0	626
12540	0	627
12560	0	628
12580	0	629
12600	0	630
12620	0	631
12640	0	632
12660	0	633
12680	0	634
12700	0	635
12720	0	636
12740	0	637
12760	0	638
12780	0	639
12800	0	640
12820	0	641
12840	0	642
12860	0	643
12880	0	644
12900	0	645
12920	0	646
12940	0	647
12960	0	648
12980	0	649
13000	0	650
13020	0	651
13040	0	652
13060	0	653
13080	0	654
13100	0	655
13120	0	656
13140	0	657
13160	0	658
13180	0	659
13200	0	660
13220	0	661
13240	0	662
13260	0	663
13280	0	664
13300	0	665
13320	0	666
13340	0	667
13360	0	668
13380	0	669
13400	0	670
13420	0	671
13440	0	672
13460	0	673
13480	0	674
13500	0	675
13520	0	676
13540	0	677
13560	0	678
13580	0	679
13600	0	680
13620	0	681
13640	0	682
13660	0	683
13680	0	684
13700	0	685
13720	0	686
13740	0	687
13760	0	688
13780	0	689
13800	0	690
13820	0	691
13840	0	692
13860	0	693
13880	0	694
13900	0	695
13920	0	696
13940	0	697
13960	0	698
13980	0	699
14000	0	700
14020	0	701
14040	0	702
14060	0	703
14080	0	704
14100	0	705
14120	0	706
14140	0	707
14160	0	708
14180	0	709
14200	0	710
14220	0	711
14240	0	712
14260	0	713
14280	0	714
14300	0	715
14320	0	716
14340	0	717
14360	0	718
14380	0	719
14400	0	720
14420	0	721
14440	0	722
14460	0	723
14480	0	724
14500	0	725
14520	0	726
14540	0	727
14560	0	728
14580	0	729
14600	0	730
14620	0	731
14640	0	732
14660	0	733
14680	0	734
14700	0	735
14720	0	736
14740	0	737
14760	0	738
14780	0	739
14800	0	740
14820	0	741
14840	0	742
14860	0	743
14880	0	744
14900	0	745
14920	0	746
14940	0	747
14960	0	748
14980	0	749
15000	0	750
15020	0	751
15040	0	752
15060	0	753
15080	0	754
15100	0	755
15120	0	756
15140	0	757
15160	0	758
15180	0	759
15200	0	760
15220	0	761
15240	0	762
15260	0	763
15280	0	764
15300	0	765
15320	0	766
15340	0	767
15360	0	768
15380	0	769
15400	0	770
15420	0	771
15440	0	772
15460	0	773
15480	0	774
15500	0	775
15520	0	776
15540	0	777
15560	0	778
15580	0	779
15600	0	780
15620	0	781
15640	0	782
15660	0	783
15680	0	784
15700	0	785
15720	0	786
15740	0	787
15760	0	788
15780	0	789
15800	0	790
15820	0	791
15840	0	792
15860	0	793
15880	0	794
15900	0	795
15920	0	796
15940	0	797
15960	0	798
15980	0	799
16000	0	800
16020	0	801
16040	0	802
16060	0	803
16080	0	804
16100	0	805
16120	0	806
16140	0	807
16160	0	808
16180	0	809
16200	0	810
16220	0	811
16240	0	812
16260	0	813
16280	0	814
16300	0	815
16320	0	816
16340	0	817
16360	0	818
16380	0	819
16400	0	820
16420	0	821
16440	0	822
16460	0	823
16480	0	824
16500	0	825
16520	0	826
16540	0	827
16560	0	828
16580	0	829
16600	0	830
16620	0	831
16640	0	832
16660	0	833
16680	0	834
16700	0	835
16720	0	836
16740	0	837
16760	0	838
16780	0	839
16800	0	840
16820	0	841
16840	0	842
16860	0	843
16880	0	844
16900	0	845
16920	0	846
16940	0	847
16960	0	848
16980	0	849
17000	0	850
17020	0	851
17040	0	852
17060	0	853
17080	0	854
17100	0	855
17120	0	856
17140	0	857
17160	0	858
17180	0	859
17200	0	860
17220	0	861
17240	0	862
17260	0	863
17280	0	864
17300	0	865
17320	0	866
17340	0	867
17360	0	868
17380	0	869
17400	0	870
17420	0	871
17440	0	872
17460	0	873
17480	0	874
17500	0	875
17520	0	876
17540	0	877
17560	0	878
17580	0	879
17600	0	880
17620	0	881
17640	0	882
17660	0	883
17680	0	884
17700	0	885
17720	0	886
17740	0	887
17760	0	888
17780	0	889
17800	0	890
17820	0	891
17840	0	892
17860	0	893
17880	0	894
17900	0	895
17920	0	896
17940	0	897
17960	0	898
17980	0	899
18000	0	900
18020	0	901
18040	0	902
18060	0	903
18080	0	904
18100	0	905
18120	0	906
18140	0	907
18160	0	908
18180	0	909
18200	0	910
18220	0	911
18240	0	912
18260	0	913
18280	0	914
18300	0	915
18320	0	916
18340	0	917
18360	0	918
18380	0	919
18400	0	920
18420	0	921
18440	0	922
18460	0	923
18480	0	924
18500	0	925
18520	0	926
18540	0	927
18560	0	928
18580	0	929
18600	0	930
18620	0	931
18640	0	932
18660	0	933
18680	0	934
18700	0	935
18720	0	936
18740	0	937
18760	0	938
18780	0	939
18800	0	940
18820	0	941
18840	0	942
18860	0	943
18880	0	944
18900	0	945
18920	0	946
18940	0	947
18960	0	948
18980	0	949
19000	0	950
19020	0	951
19040	0	952
19060	0	953
19080	0	954
19100	0	955
19120	0	956
19140	0	957
19160	0	958
19180	0	959
19200	0	960
19220	0	961
19240	0	962
19260	0	963
19280	0	964
19300	0	965
19320	0	966
19340	0	967
19360	0	968
19380	0	969
19400	0	970
19420	0	971
19440	0	972
19460	0	973
19480	0	974
19500	0	975
19520	0	976
19540	0	977
19560	0	978
19580	0	979
19600	0	980
19620	0	981
19640	0	982
19660	0	983
19680	0	984
19700	0	985
19720	0	986
19740	0	987
19760	0	988
19780	0	989
19800	0	990
19820	0	991
19840	0	992
19860	0	993
19880	0	994
19900	0	995
19920	0	996
19940	0	997
19960	0	998
19980	0	999
20000	0	1000
20020	0	1001
20040	0	1002
20060	0	1003
20080	0	1004
20100	0	1005
20120	0	1006
20140	0	1007
20160	0	1008
20180	0	1009
20200	0	1010
20220	0	1011
20240	0	1012
20260	0	1013
20280	0	1014
20300	0	1015
20320	0	1016
20340	0	1017
20360	0	1018
20380	0	1019
20400	0	1020
20420	0	1021
20440	0	1022
20460	0	1023
20480	0	1024
20500	0	1025
20520	0	1026
20540	0	1027
20560	0	1028
20580	0	1029
20600	0	1030
20620	0	1031
20640	0	1032
20660	0	1033
20680	0	1034
20700	0	1035
20720	0	1036
20740	0	1037
20760	0	1038
20780	0	1039
20800	0	1040
20820	0	1041
20840	0	1042
20860	0	1043
20880	0	1044
20900	0	1045
20920	0	1046
20940	0	1047
20960	0	1048
20980	0	1049
21000	0	1050
21020	0	1051
21040	0	1052
21060	0	1053
21080	0	1054
21100	0	1055
21120	0	1056
21140	0	1057
21160	0	1058
21180	0	1059
21200	0	1060
21220	0	1061
21240	0	1062
21260	0	1063
21280	0	1064
21300	0	1065
21320	0	1066
21340	0	1067
21360	0	1068
21380	0	1069
21400	0	1070
21420	0	1071
21440	0	1072
21460	0	1073
21480	0	1074
21500	0	1075
21520	0	1076
21540	0	1077
21560	0	1078
21580	0	1079
21600	0	1080
21620	0	1081
21640	0	1082
21660	0	1083
21680	0	1084
21700	0	1085
21720	0	1086
21740	0	1087
21760	0	1088
21780	0	1089
21800	0	1090
21820	0	1091
21840	0	1092
21860	0	1093
21880	0	1094
21900	0	1095
21920	0	1096
21940	0	1097
21960	0	1098
21980	0	1099
22000	0	1100
22020	0	1101
22040	0	1102
22060	0	1103
22080	0	1104
22100	0	1105
22120	0	1106
22140	0	1107
22160	0	1108
22180	0	1109
22200	0	1110
22220	0	1111
22240	0	1112
22260	0	1113
22280	0	1114
22300	0	1115
22320	0	1116
22340	0	1117
22360	0	1118
22380	0	1119
22400	0	1120
22420	0	1121
22440	0	1122
22460	0	1123
22480	0	1124
22500	0	1125
22520	0	1126
22540	0	1127
22560	0	1128
22580	0	1129
22600	0	1130
22620	0	1131
22640	0	1132
22660	0	1133
22680	0	1134
22700	0	1135
22720	0	1136
22740	0	1137
22760	0	1138
22780	0	1139
22800	0	1140
22820	0	1141
22840	0	1142
22860	0	1143
22880	0	1144
22900	0	1145
22920	0	1146
22940	0	1147
22960	0	1148
22980	0	1149
23000	0	1150
23020	0	1151
23040	0	1152
23060	0	1153
23080	0	1154
23100	0	1155
23120	0	1156
23140	0	1157
23160	0	1158
23180	0	1159
23200	0	1160
23220	0	1161
23240	0	1162
23260	0	1163
23280	0	1164
23300	0	1165
23320	0	1166
23340	0	1167
23360	0	1168
23380	0	1169
23400	0	1170
23420	0	1171
23440	0	1172
23460	0	1173
23480	0	1174
23500	0	1175
23520	0	1176
23540	0	1177
23560	0	1178
23580	0	1179
23600	0	1180
23620	0	1181
23640	0	1182
23660	0	1183
23680	0	1184
23700	0	1185
23720	0	1186
23740	0	1187
23760	0	1188
23780	0	1189
23800	0	1190
23820	0	1191
23840	0	1192
23860	0	1193
23880	0	1194
23900	0	1195
23920	0	1196
23940	0	1197
23960	0	1198
23980	0	1199
24000	0	1200
24020	0	1201
24040	0	1202
24060	0	1203
24080	0	1204
24100	0	1205
24120	0	1206
24140	0	1207
24160	0	1208
24180	0	1209
24200	0	1210
24220	0	1211
24240	0	1212
24260	0	1213
24280	0	1214
24300	0	1215
24320	0	1216
24340	0	1217
24360	0	1218
24380	0	1219
24400	0	1220
24420	0	1221
24440	0	1222
24460	0	1223
24480	0	1224
24500	0	1225
24520	0	1226
24540	0	1227
24560	0	1228
24580	0	1229
24600	0	1230
24620	0	1231
24640	0	1232
24660	0	1233
24680	0	1234
24700	0	1235
24720	0	1236
24740	0	1237
24760	0	1238
24780	0	1239
24800	0	1240
24820	0	1241
24840	0	1242
24860	0	1243
24880	0	1244
24900	0	1245
24920	0	1246
24940	0	1247
24960	0	1248
24980	0	1249
25000	0	1250
25020	0	1251
25040	0	1252
25060	0	1253
25080	0	1254
25100	0	1255
25120	0	1256
25140	0	1257
25160	0	1258
25180	0	1259
25200	0	1260
25220	0	1261
25240	0	1262
25260	0	1263
25280	0	1264
25300	0	1265
25320	0	1266
25340	0	1267
25360	0	1268
25380	0	1269
25400	0	1270
25420	0	1271
25440	0	1272
25460	0	1273
25480	0	1274
25500	0	1275
25520	0	1276
25540	0	1277
25560	0	1278
25580	0	1279
25600	0	1280
25620	0	1281
25640	0	1282
25660	0	1283
25680	0	1284
25700	0	1285
25720	0	1286
25740	0	1287
25760	0	1288
25780	0	1289
25800	0	1290
25820	0	1291
25840	0	1292
25860	0	1293
25880	0	1294
25900	0	1295
25920	0	1296
25940	0	1297
25960	0	1298
25980	0	1299
26000	0	1300
26020	0	1301
26040	0	1302
26060	0	1303
26080	0	1304
26100	0	1305
26120	0	1306
26140	0	1307
26160	0	1308
26180	0	1309
26200	0	1310
26220	0	1311
26240	0	1312
26260	0	1313
26280	0	1314
26300	0	1315
26320	0	1316
26340	0	1317
26360	0	1318
26380	0	1319
26400	0	1320
26420	0	1321
26440	0	1322
26460	0	1323
26480	0	1324
26500	0	1325
26520	0	1326
26540	0	1327
26560	0	1328
26580	0	1329
26600	0	1330
26620	0	1331
26640	0	1332
26660	0	1333
26680	0	1334
26700	0	1335
26720	0	1336
26740	0	1337
26760	0	1338
26780	0	1339
26800	0	1340
26820	0	1341
26840	0	1342
26860	0	1343
26880	0	1344
26900	0	1345
26920	0	1346
26940	0	1347
26960	0	1348
26980	0	1349
27000	0	1350
27020	0	1351
27040	0	1352
27060	0	1353
27080	0	1354
27100	0	1355
27120	0	1356
27140	0	1357
27160	0	1358
27180	0	1359
27200	0	1360
27220	0	1361
27240	0	1362
27260	0	1363
27280	0	1364
27300	0	1365
27320	0	1366
27340	0	1367
27360	0	1368
27380	0	1369
27400	0	1370
27420	0	1371
27440	0	1372
27460	0	1373
27480	0	1374
27500	0	1375
27520	0	1376
27540	0	1377
27560	0	1378
27580	0	1379
27600	0	1380
27620	0	1381
27640	0	1382
27660	0	1383
27680	0	1384
27700	0	1385
27720	0	1386
27740	0	1387
27760	0	1388
27780	0	1389
27800	0	1390
27820	0	1391
27840	0	1392
27860	0	1393
27880	0	1394
27900	0	1395
27920	0	1396
27940	0	1397
27960	0	1398
27980	0	1399
28000	0	1400
28020	0	1401
28040	0	1402
28060	0	1403
28080	0	1404
28100	0	1405
28120	0	1406
28140	0	1407
28160	0	1408
28180	0	1409
28200	0	1410
28220	0	1411
28240	0	1412
28260	0	1413
28280	0	1414
28300	0	1415
28320	0	1416
28340	0	1417
28360	0	1418
28380	0	1419
28400	0	1420
28420	0	1421
28440	0	1422
28460	0	1423
28480	0	1424
28500	0	1425
28520	0	1426
28540	0	1427
28560	0	1428
28580	0	1429
28600	0	1430
28620	0	1431
28640	0	1432
28660	0	1433
28680	0	1434
28700	0	1435
28720	0	1436
28740	0	1437
28760	0	1438
28780	0	1439
28800	0	1440
28820	0	1441
28840	0	1442
28860	0	1443
28880	0	1444
28900	0	1445
28920	0	1446
28940	0	1447
28960	0	1448
28980	0	1449
29000	0	1450
29020	0	1451
29040	0	1452
29060	0	1453
29080	0	1454
29100	0	1455
29120	0	1456
29140	0	1457
29160	0	1458
29180	0	1459
29200	0	1460
29220	0	1461
29240	0	1462
29260	0	1463
29280	0	1464
29300	0	1465
29320	0	1466
29340	0	1467
29360	0	1468
29380	0	1469
29400	0	1470
29420	0	1471
29440	0	1472
29460	0	1473
29480	0	1474
29500	0	1475
29520	0	1476
29540	0	1477
29560	0	1478
29580	0	1479
29600	0	1480
29620	0	1481
29640	0	1482
29660	0	1483
29680	0	1484
29700	0	1485
29720	0	1486
29740	0	1487
29760	0	1488
29780	0	1489
29800	0	1490
29820	0	1491
29840	0	1492
29860	0	1493
29880	0	1494
29900	0	1495
29920	0	1496
29940	0	1497
29960	0	1498
29980	0	1499
30000	0	1500
30020	0	1501
30040	0	1502
30060	0	1503
30080	0	1504
30100	0	1505
30120	0	1506
30140	0	1507
30160	0	1508
30180	0	1509
30200	0	1510
30220	0	1511
30240	0	1512
30260	0	1513
30280	0	1514
30300	0	1515
30320	0	1516
30340	0	1517
30360	0	1518
30380	0	1519
30400	0	1520
30420	0	1521
30440	0	1522
30460	0	1523
30480	0	1524
30500	0	1525
30520	0	1526
30540	0	1527
30560	0	1528
30580	0	1529
30600	0	1530
30620	0	1531
30640	0	1532
30660	0	1533
30680	0	1534
30700	0	1535
30720	0	1536
30740	0	1537
30760	0	1538
30780	0	1539
30800	0	1540
30820	0	1541
30840	0	1542
30860	0	1543
30880	0	1544
30900	0	1545
30920	0	1546
30940	0	1547
30960	0	1548
30980	0	1549
31000	0	1550
31020	0	1551
31040	0	1552
31060	0	1553
31080	0	1554
31100	0	1555
31120	0	1556
31140	0	1557
31160	0	1558
31180	0	1559
31200	0	1560
31220	0	1561
31240	0	1562
31260	0	1563
31280	0	1564
31300	0	1565
31320	0	1566
31340	0	1567
31360	0	1568
31380	0	1569
31400	0	1570
31420	0	1571
31440	0	1572
31460	0	1573
31480	0	1574
31500	0	1575
31520	0	1576
31540	0	1577
31560	0	1578
31580	0	1579
31600	0	1580
31620	0	1581
31640	0	1582
31660	0	1583
31680	0	1584
31700	0	1585
31720	0	1586
31740	0	1587
31760	0	1588
31780	0	1589
31800	0	1590
31820	0	1591
31840	0	1592
31860	0	1593
31880	0	1594
31900	0	1595
31920	0	1596
31940	0	1597
31960	0	1598
31980	0	1599
32000	0	1600
32020	0	1601
32040	0	1602
32060	0	1603
32080	0	1604
32100	0	1605
32120	0	1606
32140	0	1607
32160	0	1608
32180	0	1609
32200	0	1610
32220	0	1611
32240	0	1612
32260	0	1613
32280	0	1614
32300	0	1615
32320	0	1616
32340	0	1617
32360	0	1618
32380	0	1619
32400	0	1620
32420	0	1621
32440	0	1622
32460	0	1623
32480	0	1624
32500	0	1625
32520	0	1626
32540	0	1627
32560	0	1628
32580	0	1629
32600	0	1630
32620	0	1631
32640	0	1632
32660	0	1633
32680	0	1634
32700	0	1635
32720	0	1636
32740	0	1637
32760	0	1638
32780	0	1639
32800	0	1640
32820	0	1641
32840	0	1642
32860	0	1643
32880	0	1644
32900	0	1645
32920	0	1646
32940	0	1647
32960	0	1648
32980	0	1649
33000	0	1650
33020	0	1651
33040	0	1652
33060	0	1653
33080	0	1654
33100	0	1655
33120	0	1656
33140	0	1657
33160	0	1658
33180	0	1659
33200	0	1660
33220	0	1661
33240	0	1662
33260	0	1663
33280	0	1664
33300	0	1665
33320	0	1666
33340	0	1667
33360	0	1668
33380	0	1669
33400	0	1670
33420	0	1671
33440	0	1672
33460	0	1673
33480	0	1674
33500	0	1675
33520	0	1676
33540	0	1677
33560	0	1678
33580	0	1679
33600	0	1680
33620	0	1681
33640	0	1682
33660	0	1683
33680	0	1684
33700	0	1685
33720	0	1686
33740	0	1687
33760	0	1688
33780	0	1689
33800	0	1690
33820	0	1691
33840	0	1692
33860	0	1693
33880	0	1694
33900	0	1695
33920	0	1696
33940	0	1697
33960	0	1698
33980	0	1699
34000	0	1700
34020	0	1701
34040	0	1702
34060	0	1703
34080	0	1704
34100	0	1705
34120	0	1706
34140	0	1707
34160	0	1708
34180	0	1709
34200	0	1710
34220	0	1711
34240	0	1712
34260	0	1713
34280	0	1714
34300	0	1715
34320	0	1716
34340	0	1717
34360	0	1718
34380	0	1719
34400	0	1720
34420	0	1721
34440	0	1722
34460	0	1723
34480	0	1724
34500	0	1725
34520	0	1726
34540	0	1727
34560	0	1728
34580	0	1729
34600	0	1730
34620	0	1731
34640	0	1732
34660	0	1733
34680	0	1734
34700	0	1735
34720	0	1736
34740	0	1737
34760	0	1738
34780	0	1739
34800	0	1740
34820	0	1741
34840	0	1742
34860	0	1743
34880	0	1744
34900	0	1745
34920	0	1746
34940	0	1747
34960	0	1748
34980	0	1749
35000	0	1750
35020	0	1751
35040	0	1752
35060	0	1753
35080	0	1754
35100	0	1755
35120	0	1756
35140	0	1757
35160	0	1758
35180	0	1759
35200	0	1760
35220	0	1761
35240	0	1762
35260	0	1763
35280	0	1764
35300	0	1765
35320	0	1766
35340	0	1767
35360	0	1768
35380	0	1769
35400	0	1770
35420	0	1771
35440	0	1772
35460	0	1773
35480	0	1774
35500	0	1775
35520	0	1776
35540	0	1777
35560	0	1778
35580	0	1779
35600	0	1780
35620	0	1781
35640	0	1782
35660	0	1783
35680	0	1784
35700	0	1785
35720	0	1786
35740	0	1787
35760	0	1788
35780	0	1789
35800	0	1790
35820	0	1791
35840	0	1792
35860	0	1793
35880	0	1794
35900	0	1795
35920	0	1796
35940	0	1797
35960	0	1798
35980	0	1799
36000	0	1800
36020	0	1801
36040	0	1802
36060	0	1803
36080	0	1804
36100	0	1805
36120	0	1806
36140	0	1807
36160	0	1808
36180	0	1809
36200	0	1810
36220	0	1811
36240	0	1812
36260	0	1813
36280	0	1814
36300	0	1815
36320	0	1816
36340	0	1817
36360	0	1818
36380	0	1819
36400	0	1820
36420	0	1821
36440	0	1822
36460	0	1823
36480	0	1824
36500	0	1825
36520	0	1826
36540	0	1827
36560	0	1828
36580	0	1829
36600	0	1830
36620	0	1831
36640	0	1832
36660	0	1833
36680	0	1834
36700	0	1835
36720	0	1836
36740	0	1837
36760	0	1838
36780	0	1839
36800	0	1840
36820	0	1841
36840	0	1842
36860	0	1843
36880	0	1844
36900	0	1845
36920	0	1846
36940	0	1847
36960	0	1848
36980	0	1849
37000	0	1850
37020	0	1851
37040	0	1852
37060	0	1853
37080	0	1854
37100	0	1855
37120	0	1856
37140	0	1857
37160	0	1858
37180	0	1859
37200	0	1860
37220	0	1861
37240	0	1862
37260	0	1863
37280	0	1864
37300	0	1865
37320	0	1866
37340	0	1867
37360	0	1868
37380	0	1869
37400	0	1870
37420	0	1871
37440	0	1872
37460	0	1873
37480	0	1874
37500	0	1875
37520	0	1876
37540	0	1877
37560	0	1878
37580	0	1879
37600	0	1880
37620	0	1881
37640	0	1882
37660	0	1883
37680	0	1884
37700	0	1885
37720	0	1886
37740	0	1887
37760	0	1888
37780	0	1889
37800	0	1890
37820	0	1891
37840	0	1892
37860	0	1893
37880	0	1894
37900	0	1895
37920	0	1896
37940	0	1897
37960	0	1898
37980	0	1899
38000	0	1900
38020	0	1901
38040	0	1902
38060	0	1903
38080	0	1904
38100	0	1905
38120	0	1906
38140	0	1907
38160	0	1908
38180	0	1909
38200	0	1910
38220	0	1911
38240	0	1912
38260	0	1913
38280	0	1914
38300	0	1915
38320	0	1916
38340	0	1917
38360	0	1918
38380	0	1919
38400	0	1920
38420	0	1921
38440	0	1922
38460	0	1923
38480	0	1924
38500	0	1925
38520	0	1926
38540	0	1927
38560	0	1928
38580	0	1929
38600	0	1930
38620	0	1931
38640	0	1932
38660	0	1933
38680	0	1934
38700	0	1935
38720	0	1936
38740	0	1937
38760	0	1938
38780	0	1939
38800	0	1940
38820	0	1941
38840	0	1942
38860	0	1943
38880	0	1944
38900	0	1945
38920	0	1946
38940	0	1947
38960	0	1948
38980	0	1949
39000	0	1950
39020	0	1951
39040	0	1952
39060	0	1953
39080	0	1954
39100	0	1955
39120	0	1956
39140	0	1957
39160	0	1958
39180	0	1959
39200	0	1960
39220	0	1961
39240	0	1962
39260	0	1963
39280	0	1964
39300	0	1965
39320	0	1966
39340	0	1967
39360	0	1968
39380	0	1969
39400	0	1970
39420	0	1971
39440	0	1972
39460	0	1973
39480	0	1974
39500	0	1975
39520	0	1976
39540	0	1977
39560	0	1978
39580	0	1979
39600	0	1980
39620	0	1981
39640	0	1982
39660	0	1983
39680	0	1984
39700	0	1985
39720	0	1986
39740	0	1987
39760	0	1988
39780	0	1989
39800	0	1990
39820	0	1991
39840	0	1992
39860	0	1993
39880	0	1994
39900	0	1995
39920	0	1996
39940	0	1997
39960	0	1998
39980	0	1999
40000	0	2000
40020	0	2001
40040	0	2002
40060	0	2003
40080	0	2004
40100	0	2005
40120	0	2006
40140	0	2007
40160	0	2008
40180	0	2009
40200	0	2010
40220	0	2011
40240	0	2012
40260	0	2013
40280	0	2014
40300	0	2015
40320	0	2016
40340	0	2017
40360	0	2018
40380	0	2019
40400	0	2020
40420	0	2021
40440	0	2022
40460	0	2023
40480	0	2024
40500	0	2025
40520	0	2026
40540	0	2027
40560	0	2028
40580	0	2029
40600	0	2030
40620	0	2031
40640	0	2032
40660	0	2033
40680	0	2034
40700	0	2035
40720	0	2036
40740	0	2037
40760	0	2038
40780	0	2039
40800	0	2040
40820	0	2041
40840	0	2042
40860	0	2043
40880	0	2044
40900	0	2045
40920	0	2046
40940	0	2047
40960	0	2048
40980	0	2049
41000	0	2050
41020	0	2051
41040	0	2052
41060	0	2053
41080	0	2054
41100	0	2055
41120	0	2056
41140	0	2057
41160	0	2058
41180	0	2059
41200	0	2060
41220	0	2061
41240	0	2062
41260	0	2063
41280	0	2064
41300	0	2065
41320	0	2066
41340	0	2067
41360	0	2068
41380	0	2069
41400	0	2070
41420	0	2071
41440	0	2072
41460	0	2073
41480	0	2074
41500	0	2075
41520	0	2076
41540	0	2077
41560	0	2078
41580	0	2079
41600	0	2080
41620	0	2081
41640	0	2082
41660	0	2083
41680	0	2084
41700	0	2085
41720	0	2086
41740	0	2087
41760	0	2088
41780	0	2089
41800	0	2090
41820	0	2091
41840	0	2092
41860	0	2093
41880	0	2094
41900	0	2095
41920	0	2096
41940	0	2097
41960	0	2098
41980	0	2099
42000	0	2100
42020	0	2101
42040	0	2102
42060	0	2103
42080	0	2104
42100	0	2105
42120	0	2106
42140	0	2107
42160	0	2108
42180	0	2109
42200	0	2110
42220	0	2111
42240	0	2112
42260	0	2113
42280	0	2114
42300	0	2115
42320	0	2116
42340	0	2117
42360	0	2118
42380	0	2119
42400	0	2120
42420	0	2121
42440	0	2122
42460	0	2123
42480	0	2124
42500	0	2125
42520	0	2126
42540	0	2127
42560	0	2128
42580	0	2129
42600	0	2130
42620	0	2131
42640	0	2132
42660	0	2133
42680	0	2134
42700	0	2135
42720	0	2136
42740	0	2137
42760	0	2138
42780	0	2139
42800	0	2140
42820	0	2141
42840	0	2142
42860	0	2143
42880	0	2144
42900	0	2145
42920	0	2146
42940	0	2147
42960	0	2148
42980	0	2149
43000	0	2150
43020	0	2151
43040	0	2152
43060	0	2153
43080	0	2154
43100	0	2155
43120	0	2156
43140	0	2157
43160	0	2158
43180	0	2159
43200	0	2160
43220	0	2161
43240	0	2162
43260	0	2163
43280	0	2164
43300	0	2165
43320	0	2166
43340	0	2167
43360	0	2168
43380	0	2169
43400	0	2170
43420	0	2171
43440	0	2172
43460	0	2173
43480	0	2174
43500	0	2175
43520	0	2176
43540	0	2177
43560	0	2178
43580	0	2179
43600	0	2180
43620	0	2181
43640	0	2182
43660	0	2183
43680	0	2184
43700	0	2185
43720	0	2186
43740	0	2187
43760	0	2188
43780	0	2189
43800	0	2190
43820	0	2191
43840	0	2192
43860	0	2193
43880	0	2194
43900	0	2195
43920	0	2196
43940	0	2197
43960	0	2198
43980	0	2199
44000	0	2200
44020	0	2201
44040	0	2202
44060	0	2203
44080	0	2204
44100	0	2205
44120	0	2206
44140	0	2207
44160	0	2208
44180	0	2209
44200	0	2210
44220	0	2211
44240	0	2212
44260	0	2213
44280	0	2214
44300	0	2215
44320	0	2216
44340	0	2217
44360	0	2218
44380	0	2219
44400	0	2220
44420	0	2221
44440	0	2222
44460	0	2223
44480	0	2224
44500	0	2225
44520	0	2226
44540	0	2227
44560	0	2228
44580	0	2229
44600	0	2230
44620	0	2231
44640	0	2232
44660	0	2233
44680	0	2234
44700	0	2235
44720	0	2236
44740	0	2237
44760	0	2238
44780	0	2239
44800	0	2240
44820	0	2241
44840	0	2242
44860	0	2243
44880	0	2244
44900	0	2245
44920	0	2246
44940	0	2247
44960	0	2248
44980	0	2249
45000	0	2250
45020	0	2251
45040	0	2252
45060	0	2253
45080	0	2254
45100	0	2255
45120	0	2256
45140	0	2257
45160	0	2258
45180	0	2259
45200	0	2260
45220	0	2261
45240	0	2262
45260	0	2263
45280	0	2264
45300	0	2265
45320	0	2266
45340	0	2267
45360	0	2268
45380	0	2269
45400	0	2270
45420	0	2271
45440	0	2272
45460	0	2273
45480	0	2274
45500	0	2275
45520	0	2276
45540	0	2277
45560	0	2278
45580	0	2279
45600	0	2280
45620	0	2281
45640	0	2282
45660	0	2283
45680	0	2284
45700	0	2285
45720	0	2286
45740	0	2287
45760	0	2288
45780	0	2289
45800	0	2290
45820	0	2291
45840	0	2292
45860	0	2293
45880	0	2294
45900	0	2295
45920	0	2296
45940	0	2297
45960	0	2298
45980	0	2299
46000	0	2300
46020	0	2301
46040	0	2302
46060	0	2303
46080	0	2304
46100	0	2305
46120	0	2306
46140	0	2307
46160	0	2308
46180	0	2309
46200	0	2310
46220	0	2311
46240	0	2312
46260	0	2313
46280	0	2314
46300	0	2315
46320	0	2316
46340	0	2317
46360	0	2318
46380	0	2319
46400	0	2320
46420	0	2321
46440	0	2322
46460	0	2323
46480	0	2324
46500	0	2325
46520	0	2326
46540	0	2327
46560	0	2328
46580	0	2329
46600	0	2330
46620	0	2331
46640	0	2332
46660	0	2333
46680	0	2334
46700	0	2335
46720	0	2336
46740	0	2337
46760	0	2338
46780	0	2339
46800	0	2340
46820	0	2341
46840	0	2342
46860	0	2343
46880	0	2344
46900	0	2345
46920	0	2346
46940	0	2347
46960	0	2348
46980	0	2349
47000	0	2350
47020	0	2351
47040	0	2352
47060	0	2353
47080	0	2354
47100	0	2355
47120	0	2356
47140	0	2357
47160	0	2358
47180	0	2359
47200	0	2360
47220	0	2361
47240	0	2362
47260	0	2363
47280	0	2364
47300	0	2365
47320	0	2366
47340	0	2367
47360	0	2368
47380	0	2369
47400	0	2370
47420	0	2371
47440	0	2372
47460	0	2373
47480	0	2374
47500	0	2375
47520	0	2376
47540	0	2377
47560	0	2378
47580	0	2379
47600	0	2380
47620	0	2381
47640	0	2382
47660	0	2383
47680	0	2384
47700	0	2385
47720	0	2386
47740	0	2387
47760	0	2388
47780	0	2389
47800	0	2390
47820	0	2391
47840	0	2392
47860	0	2393
47880	0	2394
47900	0	2395
47920	0	2396
47940	0	2397
47960	0	2398
47980	0	2399
48000	0	2400
48020	0	2401
48040	0	2402
48060	0	2403
48080	0	2404
48100	0	2405
48120	0	2406
48140	0	2407
48160	0	2408
48180	0	2409
48200	0	2410
48220	0	2411
48240	0	2412
48260	0	2413
48280	0	2414
48300	0	2415
48320	0	2416
48340	0	2417
48360	0	2418
48380	0	2419
48400	0	2420
48420	0	2421
48440	0	2422
48460	0	2423
48480	0	2424
48500	0	2425
48520	0	2426
48540	0	2427
48560	0	2428
48580	0	2429
48600	0	2430
48620	0	2431
48640	0	2432
48660	0	2433
48680	0	2434
48700	0	2435
48720	0	2436
48740	0	2437
48760	0	2438
48780	0	2439
48800	0	2440
48820	0	2441
48840	0	2442
48860	0	2443
48880	0	2444
48900	0	2445
48920	0	2446
48940	0	2447
48960	0	2448
48980	0	2449
49000	0	2450
49020	0	2451
49040	0	2452
49060	0	2453
49080	0	2454
49100	0	2455
49120	0	2456
49140	0	2457
49160	0	2458
49180	0	2459
49200	0	2460
49220	0	2461
49240	0	2462
49260	0	2463
49280	0	2464
49300	0	2465
49320	0	2466
49340	0	2467
49360	0	2468
49380	0	2469
49400	0	2470
49420	0	2471
49440	0	2472
49460	0	2473
49480	0	2474
49500	0	2475
49520	0	2476
49540	0	2477
49560	0	2478
49580	0	2479
49600	0	2480
49620	0	2481
49640	0	2482
49660	0	2483
49680	0	2484
49700	0	2485
49720	0	2486
49740	0	2487
49760	0	2488
49780	0	2489
49800	0	2490
49820	0	2491
49840	0	2492
49860	0	2493
49880	0	2494
49900	0	2495
49920	0	2496
49940	0	2497
49960	0	2498
49980	0	2499
50000	0	2500
0	100	2501
20	100	2502
40	100	2503
60	100	2504
80	100	2505
100	100	2506
120	100	2507
140	100	2508
160	100	2509
180	100	2510
200	100	2511
220	100	2512
240	100	2513
260	100	2514
280	100	2515
300	100	2516
320	100	2517
340	100	2518
360	100	2519
380	100	2520
400	100	2521
420	100	2522
440	100	2523
460	100	2524
480	100	2525
500	100	2526
520	100	2527
540	100	2528
560	100	2529
580	100	2530
600	100	2531
620	100	2532
640	100	2533
660	100	2534
680	100	2535
700	100	2536
720	100	2537
740	100	2538
760	100	2539
780	100	2540
800	100	2541
820	100	2542
840	100	2543
860	100	2544
880	100	2545
900	100	2546
920	100	2547
940	100	2548
960	100	2549
980	100	2550
1000	100	2551
1020	100	2552
1040	100	2553
1060	100	2554
1080	100	2555
1100	100	2556
1120	100	2557
1140	100	2558
1160	100	2559
1180	100	2560
1200	100	2561
1220	100	2562
1240	100	2563
1260	100	2564
1280	100	2565
1300	100	2566
1320	100	2567
1340	100	2568
1360	100	2569
1380	100	2570
1400	100	2571
1420	100	2572
1440	100	2573
1460	100	2574
1480	100	2575
1500	100	2576
1520	100	2577
1540	100	2578
1560	100	2579
1580	100	2580
1600	100	2581
1620	100	2582
1640	100	2583
1660	100	2584
1680	100	2585
1700	100	2586
1720	100	2587
1740	100	2588
1760	100	2589
1780	100	2590
1800	100	2591
1820	100	2592
1840	100	2593
1860	100	2594
1880	100	2595
1900	100	2596
1920	100	2597
1940	100	2598
1960	100	2599
1980	100	2600
2000	100	2601
2020	100	2602
2040	100	2603
2060	100	2604
2080	100	2605
2100	100	2606
2120	100	2607
2140	100	2608
2160	100	2609
2180	100	2610
2200	100	2611
2220	100	2612
2240	100	2613
2260	100	2614
2280	100	2615
2300	100	2616
2320	100	2617
2340	100	2618
2360	100	2619
2380	100	2620
2400	100	2621
2420	100	2622
2440	100	2623
2460	100	2624
2480	100	2625
2500	100	2626
2520	100	2627
2540	100	2628
2560	100	2629
2580	100	2630
2600	100	2631
2620	100	2632
2640	100	2633
2660	100	2634
2680	100	2635
2700	100	2636
2720	100	2637
2740	100	2638
2760	100	2639
2780	100	2640
2800	100	2641
2820	100	2642
2840	100	2643
2860	100	2644
2880	100	2645
2900	100	2646
2920	100	2647
2940	100	2648
2960	100	2649
2980	100	2650
3000	100	2651
3020	100	2652
3040	100	2653
3060	100	2654
3080	100	2655
3100	100	2656
3120	100	2657
3140	100	2658
3160	100	2659
3180	100	2660
3200	100	2661
3220	100	2662
3240	100	2663
3260	100	2664
3280	100	2665
3300	100	2666
3320	100	2667
3340	100	2668
3360	100	2669
3380	100	2670
3400	100	2671
3420	100	2672
3440	100	2673
3460	100	2674
3480	100	2675
3500	100	2676
3520	100	2677
3540	100	2678
3560	100	2679
3580	100	2680
3600	100	2681
3620	100	2682
3640	100	2683
3660	100	2684
3680	100	2685
3700	100	2686
3720	100	2687
3740	100	2688
3760	100	2689
3780	100	2690
3800	100	2691
3820	100	2692
3840	100	2693
3860	100	2694
3880	100	2695
3900	100	2696
3920	100	2697
3940	100	2698
3960	100	2699
3980	100	2700
4000	100	2701
4020	100	2702
4040	100	2703
4060	100	2704
4080	100	2705
4100	100	2706
4120	100	2707
4140	100	2708
4160	100	2709
4180	100	2710
4200	100	2711
4220	100	2712
4240	100	2713
4260	100	2714
4280	100	2715
4300	100	2716
4320	100	2717
4340	100	2718
4360	100	2719
4380	100	2720
4400	100	2721
4420	100	2722
4440	100	2723
4460	100	2724
4480	100	2725
4500	100	2726
4520	100	2727
4540	100	2728
4560	100	2729
4580	100	2730
4600	100	2731
4620	100	2732
4640	100	2733
4660	100	2734
4680	100	2735
4700	100	2736
4720	100	2737
4740	100	2738
4760	100	2739
4780	100	2740
4800	100	2741
4820	100	2742
4840	100	2743
4860	100	2744
4880	100	2745
4900	100	2746
4920	100	2747
4940	100	2748
4960	100	2749
4980	100	2750
5000	100	2751
5020	100	2752
5040	100	2753
5060	100	2754
5080	100	2755
5100	100	2756
5120	100	2757
5140	100	2758
5160	100	2759
5180	100	2760
5200	100	2761
5220	100	2762
5240	100	2763
5260	100	2764
5280	100	2765
5300	100	2766
5320	100	2767
5340	100	2768
5360	100	2769
5380	100	2770
5400	100	2771
5420	100	2772
5440	100	2773
5460	100	2774
5480	100	2775
5500	100	2776
5520	100	2777
5540	100	2778
5560	100	2779
5580	100	2780
5600	100	2781
5620	100	2782
5640	100	2783
5660	100	2784
5680	100	2785
5700	100	2786
5720	100	2787
5740	100	2788
5760	100	2789
5780	100	2790
5800	100	2791
5820	100	2792
5840	100	2793
5860	100	2794
5880	100	2795
5900	100	2796
5920	100	2797
5940	100	2798
5960	100	2799
5980	100	2800
6000	100	2801
6020	100	2802
6040	100	2803
6060	100	2804
6080	100	2805
6100	100	2806
6120	100	2807
6140	100	2808
6160	100	2809
6180	100	2810
6200	100	2811
6220	100	2812
6240	100	2813
6260	100	2814
6280	100	2815
6300	100	2816
6320	100	2817
6340	100	2818
6360	100	2819
6380	100	2820
6400	100	2821
6420	100	2822
6440	100	2823
6460	100	2824
6480	100	2825
6500	100	2826
6520	100	2827
6540	100	2828
6560	100	2829
6580	100	2830
6600	100	2831
6620	100	2832
6640	100	2833
6660	100	2834
6680	100	2835
6700	100	2836
6720	100	2837
6740	100	2838
6760	100	2839
6780	100	2840
6800	100	2841
6820	100	2842
6840	100	2843
6860	100	2844
6880	100	2845
6900	100	2846
6920	100	2847
6940	100	2848
6960	100	2849
6980	100	2850
7000	100	2851
7020	100	2852
7040	100	2853
7060	100	2854
7080	100	2855
7100	100	2856
7120	100	2857
7140	100	2858
7160	100	2859
7180	100	2860
7200	100	2861
7220	100	2862
7240	100	2863
7260	100	2864
7280	100	2865
7300	100	2866
7320	100	2867
7340	100	2868
7360	100	2869
7380	100	2870
7400	100	2871
7420	100	2872
7440	100	2873
7460	100	2874
7480	100	2875
7500	100	2876
7520	100	2877
7540	100	2878
7560	100	2879
7580	100	2880
7600	100	2881
7620	100	2882
7640	100	2883
7660	100	2884
7680	100	2885
7700	100	2886
7720	100	2887
7740	100	2888
7760	100	2889
7780	100	2890
7800	100	2891
7820	100	2892
7840	100	2893
7860	100	2894
7880	100	2895
7900	100	2896
7920	100	2897
7940	100	2898
7960	100	2899
7980	100	2900
8000	100	2901
8020	100	2902
8040	100	2903
8060	100	2904
8080	100	2905
8100	100	2906
8120	100	2907
8140	100	2908
8160	100	2909
8180	100	2910
8200	100	2911
8220	100	2912
8240	100	2913
8260	100	2914
8280	100	2915
8300	100	2916
8320	100	2917
8340	100	2918
8360	100	2919
8380	100	2920
8400	100	2921
8420	100	2922
8440	100	2923
8460	100	2924
8480	100	2925
8500	100	2926
8520	100	2927
8540	100	2928
8560	100	2929
8580	100	2930
8600	100	2931
8620	100	2932
8640	100	2933
8660	100	2934
8680	100	2935
8700	100	2936
8720	100	2937
8740	100	2938
8760	100	2939
8780	100	2940
8800	100	2941
8820	100	2942
8840	100	2943
8860	100	2944
8880	100	2945
8900	100	2946
8920	100	2947
8940	100	2948
8960	100	2949
8980	100	2950
9000	100	2951
9020	100	2952
9040	100	2953
9060	100	2954
9080	100	2955
9100	100	2956
9120	100	2957
9140	100	2958
9160	100	2959
9180	100	2960
9200	100	2961
9220	100	2962
9240	100	2963
9260	100	2964
9280	100	2965
9300	100	2966
9320	100	2967
9340	100	2968
9360	100	2969
9380	100	2970
9400	100	2971
9420	100	2972
9440	100	2973
9460	100	2974
9480	100	2975
9500	100	2976
9520	100	2977
9540	100	2978
9560	100	2979
9580	100	2980
9600	100	2981
9620	100	2982
9640	100	2983
9660	100	2984
9680	100	2985
9700	100	2986
9720	100	2987
9740	100	2988
9760	100	2989
9780	100	2990
9800	100	2991
9820	100	2992
9840	100	2993
9860	100	2994
9880	100	2995
9900	100	2996
9920	100	2997
9940	100	2998
9960	100	2999
9980	100	3000
10000	100	3001
10020	100	3002
10040	100	3003
10060	100	3004
10080	100	3005
10100	100	3006
10120	100	3007
10140	100	3008
10160	100	3009
10180	100	3010
10200	100	3011
10220	100	3012
10240	100	3013
10260	100	3014
10280	100	3015
10300	100	3016
10320	100	3017
10340	100	3018
10360	100	3019
10380	100	3020
10400	100	3021
10420	100	3022
10440	100	3023
10460	100	3024
10480	100	3025
10500	100	3026
10520	100	3027
10540	100	3028
10560	100	3029
10580	100	3030
10600	100	3031
10620	100	3032
10640	100	3033
10660	100	3034
10680	100	3035
10700	100	3036
10720	100	3037
10740	100	3038
10760	100	3039
10780	100	3040
10800	100	3041
10820	100	3042
10840	100	3043
10860	100	3044
10880	100	3045
10900	100	3046
10920	100	3047
10940	100	3048
10960	100	3049
10980	100	3050
11000	100	3051
11020	100	3052
11040	100	3053
11060	100	3054
11080	100	3055
11100	100	3056
11120	100	3057
11140	100	3058
11160	100	3059
11180	100	3060
11200	100	3061
11220	100	3062
11240	100	3063
11260	100	3064
11280	100	3065
11300	100	3066
11320	100	3067
11340	100	3068
11360	100	3069
11380	100	3070
11400	100	3071
11420	100	3072
11440	100	3073
11460	100	3074
11480	100	3075
11500	100	3076
11520	100	3077
11540	100	3078
11560	100	3079
11580	100	3080
11600	100	3081
11620	100	3082
11640	100	3083
11660	100	3084
11680	100	3085
11700	100	3086
11720	100	3087
11740	100	3088
11760	100	3089
11780	100	3090
11800	100	3091
11820	100	3092
11840	100	3093
11860	100	3094
11880	100	3095
11900	100	3096
11920	100	3097
11940	100	3098
11960	100	3099
11980	100	3100
12000	100	3101
12020	100	3102
12040	100	3103
12060	100	3104
12080	100	3105
12100	100	3106
12120	100	3107
12140	100	3108
12160	100	3109
12180	100	3110
12200	100	3111
12220	100	3112
12240	100	3113
12260	100	3114
12280	100	3115
12300	100	3116
12320	100	3117
12340	100	3118
12360	100	3119
12380	100	3120
12400	100	3121
12420	100	3122
12440	100	3123
12460	100	3124
12480	100	3125
12500	100	3126
12520	100	3127
12540	100	3128
12560	100	3129
12580	100	3130
12600	100	3131
12620	100	3132
12640	100	3133
12660	100	3134
12680	100	3135
12700	100	3136
12720	100	3137
12740	100	3138
12760	100	3139
12780	100	3140
12800	100	3141
12820	100	3142
12840	100	3143
12860	100	3144
12880	100	3145
12900	100	3146
12920	100	3147
12940	100	3148
12960	100	3149
12980	100	3150
13000	100	3151
13020	100	3152
13040	100	3153
13060	100	3154
13080	100	3155
13100	100	3156
13120	100	3157
13140	100	3158
13160	100	3159
13180	100	3160
13200	100	3161
13220	100	3162
13240	100	3163
13260	100	3164
13280	100	3165
13300	100	3166
13320	100	3167
13340	100	3168
13360	100	3169
13380	100	3170
13400	100	3171
13420	100	3172
13440	100	3173
13460	100	3174
13480	100	3175
13500	100	3176
13520	100	3177
13540	100	3178
13560	100	3179
13580	100	3180
13600	100	3181
13620	100	3182
13640	100	3183
13660	100	3184
13680	100	3185
13700	100	3186
13720	100	3187
13740	100	3188
13760	100	3189
13780	100	3190
13800	100	3191
13820	100	3192
13840	100	3193
13860	100	3194
13880	100	3195
13900	100	3196
13920	100	3197
13940	100	3198
13960	100	3199
13980	100	3200
14000	100	3201
14020	100	3202
14040	100	3203
14060	100	3204
14080	100	3205
14100	100	3206
14120	100	3207
14140	100	3208
14160	100	3209
14180	100	3210
14200	100	3211
14220	100	3212
14240	100	3213
14260	100	3214
14280	100	3215
14300	100	3216
14320	100	3217
14340	100	3218
14360	100	3219
14380	100	3220
14400	100	3221
14420	100	3222
14440	100	3223
14460	100	3224
14480	100	3225
14500	100	3226
14520	100	3227
14540	100	3228
14560	100	3229
14580	100	3230
14600	100	3231
14620	100	3232
14640	100	3233
14660	100	3234
14680	100	3235
14700	100	3236
14720	100	3237
14740	100	3238
14760	100	3239
14780	100	3240
14800	100	3241
14820	100	3242
14840	100	3243
14860	100	3244
14880	100	3245
14900	100	3246
14920	100	3247
14940	100	3248
14960	100	3249
14980	100	3250
15000	100	3251
15020	100	3252
15040	100	3253
15060	100	3254
15080	100	3255
15100	100	3256
15120	100	3257
15140	100	3258
15160	100	3259
15180	100	3260
15200	100	3261
15220	100	3262
15240	100	3263
15260	100	3264
15280	100	3265
15300	100	3266
15320	100	3267
15340	100	3268
15360	100	3269
15380	100	3270
15400	100	3271
15420	100	3272
15440	100	3273
15460	100	3274
15480	100	3275
15500	100	3276
15520	100	3277
15540	100	3278
15560	100	3279
15580	100	3280
15600	100	3281
15620	100	3282
15640	100	3283
15660	100	3284
15680	100	3285
15700	100	3286
15720	100	3287
15740	100	3288
15760	100	3289
15780	100	3290
15800	100	3291
15820	100	3292
15840	100	3293
15860	100	3294
15880	100	3295
15900	100	3296
15920	100	3297
15940	100	3298
15960	100	3299
15980	100	3300
16000	100	3301
16020	100	3302
16040	100	3303
16060	100	3304
16080	100	3305
16100	100	3306
16120	100	3307
16140	100	3308
16160	100	3309
16180	100	3310
16200	100	3311
16220	100	3312
16240	100	3313
16260	100	3314
16280	100	3315
16300	100	3316
16320	100	3317
16340	100	3318
16360	100	3319
16380	100	3320
16400	100	3321
16420	100	3322
16440	100	3323
16460	100	3324
16480	100	3325
16500	100	3326
16520	100	3327
16540	100	3328
16560	100	3329
16580	100	3330
16600	100	3331
16620	100	3332
16640	100	3333
16660	100	3334
16680	100	3335
16700	100	3336
16720	100	3337
16740	100	3338
16760	100	3339
16780	100	3340
16800	100	3341
16820	100	3342
16840	100	3343
16860	100	3344
16880	100	3345
16900	100	3346
16920	100	3347
16940	100	3348
16960	100	3349
16980	100	3350
17000	100	3351
17020	100	3352
17040	100	3353
17060	100	3354
17080	100	3355
17100	100	3356
17120	100	3357
17140	100	3358
17160	100	3359
17180	100	3360
17200	100	3361
17220	100	3362
17240	100	3363
17260	100	3364
17280	100	3365
17300	100	3366
17320	100	3367
17340	100	3368
17360	100	3369
17380	100	3370
17400	100	3371
17420	100	3372
17440	100	3373
17460	100	3374
17480	100	3375
17500	100	3376
17520	100	3377
17540	100	3378
17560	100	3379
17580	100	3380
17600	100	3381
17620	100	3382
17640	100	3383
17660	100	3384
17680	100	3385
17700	100	3386
17720	100	3387
17740	100	3388
17760	100	3389
17780	100	3390
17800	100	3391
17820	100	3392
17840	100	3393
17860	100	3394
17880	100	3395
17900	100	3396
17920	100	3397
17940	100	3398
17960	100	3399
17980	100	3400
18000	100	3401
18020	100	3402
18040	100	3403
18060	100	3404
18080	100	3405
18100	100	3406
18120	100	3407
18140	100	3408
18160	100	3409
18180	100	3410
18200	100	3411
18220	100	3412
18240	100	3413
18260	100	3414
18280	100	3415
18300	100	3416
18320	100	3417
18340	100	3418
18360	100	3419
18380	100	3420
18400	100	3421
18420	100	3422
18440	100	3423
18460	100	3424
18480	100	3425
18500	100	3426
18520	100	3427
18540	100	3428
18560	100	3429
18580	100	3430
18600	100	3431
18620	100	3432
18640	100	3433
18660	100	3434
18680	100	3435
18700	100	3436
18720	100	3437
18740	100	3438
18760	100	3439
18780	100	3440
18800	100	3441
18820	100	3442
18840	100	3443
18860	100	3444
18880	100	3445
18900	100	3446
18920	100	3447
18940	100	3448
18960	100	3449
18980	100	3450
19000	100	3451
19020	100	3452
19040	100	3453
19060	100	3454
19080	100	3455
19100	100	3456
19120	100	3457
19140	100	3458
19160	100	3459
19180	100	3460
19200	100	3461
19220	100	3462
19240	100	3463
19260	100	3464
19280	100	3465
19300	100	3466
19320	100	3467
19340	100	3468
19360	100	3469
19380	100	3470
19400	100	3471
19420	100	3472
19440	100	3473
19460	100	3474
19480	100	3475
19500	100	3476
19520	100	3477
19540	100	3478
19560	100	3479
19580	100	3480
19600	100	3481
19620	100	3482
19640	100	3483
19660	100	3484
19680	100	3485
19700	100	3486
19720	100	3487
19740	100	3488
19760	100	3489
19780	100	3490
19800	100	3491
19820	100	3492
19840	100	3493
19860	100	3494
19880	100	3495
19900	100	3496
19920	100	3497
19940	100	3498
19960	100	3499
19980	100	3500
20000	100	3501
20020	100	3502
20040	100	3503
20060	100	3504
20080	100	3505
20100	100	3506
20120	100	3507
20140	100	3508
20160	100	3509
20180	100	3510
20200	100	3511
20220	100	3512
20240	100	3513
20260	100	3514
20280	100	3515
20300	100	3516
20320	100	3517
20340	100	3518
20360	100	3519
20380	100	3520
20400	100	3521
20420	100	3522
20440	100	3523
20460	100	3524
20480	100	3525
20500	100	3526
20520	100	3527
20540	100	3528
20560	100	3529
20580	100	3530
20600	100	3531
20620	100	3532
20640	100	3533
20660	100	3534
20680	100	3535
20700	100	3536
20720	100	3537
20740	100	3538
20760	100	3539
20780	100	3540
20800	100	3541
20820	100	3542
20840	100	3543
20860	100	3544
20880	100	3545
20900	100	3546
20920	100	3547
20940	100	3548
20960	100	3549
20980	100	3550
21000	100	3551
21020	100	3552
21040	100	3553
21060	100	3554
21080	100	3555
21100	100	3556
21120	100	3557
21140	100	3558
21160	100	3559
21180	100	3560
21200	100	3561
21220	100	3562
21240	100	3563
21260	100	3564
21280	100	3565
21300	100	3566
21320	100	3567
21340	100	3568
21360	100	3569
21380	100	3570
21400	100	3571
21420	100	3572
21440	100	3573
21460	100	3574
21480	100	3575
21500	100	3576
21520	100	3577
21540	100	3578
21560	100	3579
21580	100	3580
21600	100	3581
21620	100	3582
21640	100	3583
21660	100	3584
21680	100	3585
21700	100	3586
21720	100	3587
21740	100	3588
21760	100	3589
21780	100	3590
21800	100	3591
21820	100	3592
21840	100	3593
21860	100	3594
21880	100	3595
21900	100	3596
21920	100	3597
21940	100	3598
21960	100	3599
21980	100	3600
22000	100	3601
22020	100	3602
22040	100	3603
22060	100	3604
22080	100	3605
22100	100	3606
22120	100	3607
22140	100	3608
22160	100	3609
22180	100	3610
22200	100	3611
22220	100	3612
22240	100	3613
22260	100	3614
22280	100	3615
22300	100	3616
22320	100	3617
22340	100	3618
22360	100	3619
22380	100	3620
22400	100	3621
22420	100	3622
22440	100	3623
22460	100	3624
22480	100	3625
22500	100	3626
22520	100	3627
22540	100	3628
22560	100	3629
22580	100	3630
22600	100	3631
22620	100	3632
22640	100	3633
22660	100	3634
22680	100	3635
22700	100	3636
22720	100	3637
22740	100	3638
22760	100	3639
22780	100	3640
22800	100	3641
22820	100	3642
22840	100	3643
22860	100	3644
22880	100	3645
22900	100	3646
22920	100	3647
22940	100	3648
22960	100	3649
22980	100	3650
23000	100	3651
23020	100	3652
23040	100	3653
23060	100	3654
23080	100	3655
23100	100	3656
23120	100	3657
23140	100	3658
23160	100	3659
23180	100	3660
23200	100	3661
23220	100	3662
23240	100	3663
23260	100	3664
23280	100	3665
23300	100	3666
23320	100	3667
23340	100	3668
23360	100	3669
23380	100	3670
23400	100	3671
23420	100	3672
23440	100	3673
23460	100	3674
23480	100	3675
23500	100	3676
23520	100	3677
23540	100	3678
23560	100	3679
23580	100	3680
23600	100	3681
23620	100	3682
23640	100	3683
23660	100	3684
23680	100	3685
23700	100	3686
23720	100	3687
23740	100	3688
23760	100	3689
23780	100	3690
23800	100	3691
23820	100	3692
23840	100	3693
23860	100	3694
23880	100	3695
23900	100	3696
23920	100	3697
23940	100	3698
23960	100	3699
23980	100	3700
24000	100	3701
24020	100	3702
24040	100	3703
24060	100	3704
24080	100	3705
24100	100	3706
24120	100	3707
24140	100	3708
24160	100	3709
24180	100	3710
24200	100	3711
24220	100	3712
24240	100	3713
24260	100	3714
24280	100	3715
24300	100	3716
24320	100	3717
24340	100	3718
24360	100	3719
24380	100	3720
24400	100	3721
24420	100	3722
24440	100	3723
24460	100	3724
24480	100	3725
24500	100	3726
24520	100	3727
24540	100	3728
24560	100	3729
24580	100	3730
24600	100	3731
24620	100	3732
24640	100	3733
24660	100	3734
24680	100	3735
24700	100	3736
24720	100	3737
24740	100	3738
24760	100	3739
24780	100	3740
24800	100	3741
24820	100	3742
24840	100	3743
24860	100	3744
24880	100	3745
24900	100	3746
24920	100	3747
24940	100	3748
24960	100	3749
24980	100	3750
25000	100	3751
25020	100	3752
25040	100	3753
25060	100	3754
25080	100	3755
25100	100	3756
25120	100	3757
25140	100	3758
25160	100	3759
25180	100	3760
25200	100	3761
25220	100	3762
25240	100	3763
25260	100	3764
25280	100	3765
25300	100	3766
25320	100	3767
25340	100	3768
25360	100	3769
25380	100	3770
25400	100	3771
25420	100	3772
25440	100	3773
25460	100	3774
25480	100	3775
25500	100	3776
25520	100	3777
25540	100	3778
25560	100	3779
25580	100	3780
25600	100	3781
25620	100	3782
25640	100	3783
25660	100	3784
25680	100	3785
25700	100	3786
25720	100	3787
25740	100	3788
25760	100	3789
25780	100	3790
25800	100	3791
25820	100	3792
25840	100	3793
25860	100	3794
25880	100	3795
25900	100	3796
25920	100	3797
25940	100	3798
25960	100	3799
25980	100	3800
26000	100	3801
26020	100	3802
26040	100	3803
26060	100	3804
26080	100	3805
26100	100	3806
26120	100	3807
26140	100	3808
26160	100	3809
26180	100	3810
26200	100	3811
26220	100	3812
26240	100	3813
26260	100	3814
26280	100	3815
26300	100	3816
26320	100	3817
26340	100	3818
26360	100	3819
26380	100	3820
26400	100	3821
26420	100	3822
26440	100	3823
26460	100	3824
26480	100	3825
26500	100	3826
26520	100	3827
26540	100	3828
26560	100	3829
26580	100	3830
26600	100	3831
26620	100	3832
26640	100	3833
26660	100	3834
26680	100	3835
26700	100	3836
26720	100	3837
26740	100	3838
26760	100	3839
26780	100	3840
26800	100	3841
26820	100	3842
26840	100	3843
26860	100	3844
26880	100	3845
26900	100	3846
26920	100	3847
26940	100	3848
26960	100	3849
26980	100	3850
27000	100	3851
27020	100	3852
27040	100	3853
27060	100	3854
27080	100	3855
27100	100	3856
27120	100	3857
27140	100	3858
27160	100	3859
27180	100	3860
27200	100	3861
27220	100	3862
27240	100	3863
27260	100	3864
27280	100	3865
27300	100	3866
27320	100	3867
27340	100	3868
27360	100	3869
27380	100	3870
27400	100	3871
27420	100	3872
27440	100	3873
27460	100	3874
27480	100	3875
27500	100	3876
27520	100	3877
27540	100	3878
27560	100	3879
27580	100	3880
27600	100	3881
27620	100	3882
27640	100	3883
27660	100	3884
27680	100	3885
27700	100	3886
27720	100	3887
27740	100	3888
27760	100	3889
27780	100	3890
27800	100	3891
27820	100	3892
27840	100	3893
27860	100	3894
27880	100	3895
27900	100	3896
27920	100	3897
27940	100	3898
27960	100	3899
27980	100	3900
28000	100	3901
28020	100	3902
28040	100	3903
28060	100	3904
28080	100	3905
28100	100	3906
28120	100	3907
28140	100	3908
28160	100	3909
28180	100	3910
28200	100	3911
28220	100	3912
28240	100	3913
28260	100	3914
28280	100	3915
28300	100	3916
28320	100	3917
28340	100	3918
28360	100	3919
28380	100	3920
28400	100	3921
28420	100	3922
28440	100	3923
28460	100	3924
28480	100	3925
28500	100	3926
28520	100	3927
28540	100	3928
28560	100	3929
28580	100	3930
28600	100	3931
28620	100	3932
28640	100	3933
28660	100	3934
28680	100	3935
28700	100	3936
28720	100	3937
28740	100	3938
28760	100	3939
28780	100	3940
28800	100	3941
28820	100	3942
28840	100	3943
28860	100	3944
28880	100	3945
28900	100	3946
28920	100	3947
28940	100	3948
28960	100	3949
28980	100	3950
29000	100	3951
29020	100	3952
29040	100	3953
29060	100	3954
29080	100	3955
29100	100	3956
29120	100	3957
29140	100	3958
29160	100	3959
29180	100	3960
29200	100	3961
29220	100	3962
29240	100	3963
29260	100	3964
29280	100	3965
29300	100	3966
29320	100	3967
29340	100	3968
29360	100	3969
29380	100	3970
29400	100	3971
29420	100	3972
29440	100	3973
29460	100	3974
29480	100	3975
29500	100	3976
29520	100	3977
29540	100	3978
29560	100	3979
29580	100	3980
29600	100	3981
29620	100	3982
29640	100	3983
29660	100	3984
29680	100	3985
29700	100	3986
29720	100	3987
29740	100	3988
29760	100	3989
29780	100	3990
29800	100	3991
29820	100	3992
29840	100	3993
29860	100	3994
29880	100	3995
29900	100	3996
29920	100	3997
29940	100	3998
29960	100	3999
29980	100	4000
30000	100	4001
30020	100	4002
30040	100	4003
30060	100	4004
30080	100	4005
30100	100	4006
30120	100	4007
30140	100	4008
30160	100	4009
30180	100	4010
30200	100	4011
30220	100	4012
30240	100	4013
30260	100	4014
30280	100	4015
30300	100	4016
30320	100	4017
30340	100	4018
30360	100	4019
30380	100	4020
30400	100	4021
30420	100	4022
30440	100	4023
30460	100	4024
30480	100	4025
30500	100	4026
30520	100	4027
30540	100	4028
30560	100	4029
30580	100	4030
30600	100	4031
30620	100	4032
30640	100	4033
30660	100	4034
30680	100	4035
30700	100	4036
30720	100	4037
30740	100	4038
30760	100	4039
30780	100	4040
30800	100	4041
30820	100	4042
30840	100	4043
30860	100	4044
30880	100	4045
30900	100	4046
30920	100	4047
30940	100	4048
30960	100	4049
30980	100	4050
31000	100	4051
31020	100	4052
31040	100	4053
31060	100	4054
31080	100	4055
31100	100	4056
31120	100	4057
31140	100	4058
31160	100	4059
31180	100	4060
31200	100	4061
31220	100	4062
31240	100	4063
31260	100	4064
31280	100	4065
31300	100	4066
31320	100	4067
31340	100	4068
31360	100	4069
31380	100	4070
31400	100	4071
31420	100	4072
31440	100	4073
31460	100	4074
31480	100	4075
31500	100	4076
31520	100	4077
31540	100	4078
31560	100	4079
31580	100	4080
31600	100	4081
31620	100	4082
31640	100	4083
31660	100	4084
31680	100	4085
31700	100	4086
31720	100	4087
31740	100	4088
31760	100	4089
31780	100	4090
31800	100	4091
31820	100	4092
31840	100	4093
31860	100	4094
31880	100	4095
31900	100	4096
31920	100	4097
31940	100	4098
31960	100	4099
31980	100	4100
32000	100	4101
32020	100	4102
32040	100	4103
32060	100	4104
32080	100	4105
32100	100	4106
32120	100	4107
32140	100	4108
32160	100	4109
32180	100	4110
32200	100	4111
32220	100	4112
32240	100	4113
32260	100	4114
32280	100	4115
32300	100	4116
32320	100	4117
32340	100	4118
32360	100	4119
32380	100	4120
32400	100	4121
32420	100	4122
32440	100	4123
32460	100	4124
32480	100	4125
32500	100	4126
32520	100	4127
32540	100	4128
32560	100	4129
32580	100	4130
32600	100	4131
32620	100	4132
32640	100	4133
32660	100	4134
32680	100	4135
32700	100	4136
32720	100	4137
32740	100	4138
32760	100	4139
32780	100	4140
32800	100	4141
32820	100	4142
32840	100	4143
32860	100	4144
32880	100	4145
32900	100	4146
32920	100	4147
32940	100	4148
32960	100	4149
32980	100	4150
33000	100	4151
33020	100	4152
33040	100	4153
33060	100	4154
33080	100	4155
33100	100	4156
33120	100	4157
33140	100	4158
33160	100	4159
33180	100	4160
33200	100	4161
33220	100	4162
33240	100	4163
33260	100	4164
33280	100	4165
33300	100	4166
33320	100	4167
33340	100	4168
33360	100	4169
33380	100	4170
33400	100	4171
33420	100	4172
33440	100	4173
33460	100	4174
33480	100	4175
33500	100	4176
33520	100	4177
33540	100	4178
33560	100	4179
33580	100	4180
33600	100	4181
33620	100	4182
33640	100	4183
33660	100	4184
33680	100	4185
33700	100	4186
33720	100	4187
33740	100	4188
33760	100	4189
33780	100	4190
33800	100	4191
33820	100	4192
33840	100	4193
33860	100	4194
33880	100	4195
33900	100	4196
33920	100	4197
33940	100	4198
33960	100	4199
33980	100	4200
34000	100	4201
34020	100	4202
34040	100	4203
34060	100	4204
34080	100	4205
34100	100	4206
34120	100	4207
34140	100	4208
34160	100	4209
34180	100	4210
34200	100	4211
34220	100	4212
34240	100	4213
34260	100	4214
34280	100	4215
34300	100	4216
34320	100	4217
34340	100	4218
34360	100	4219
34380	100	4220
34400	100	4221
34420	100	4222
34440	100	4223
34460	100	4224
34480	100	4225
34500	100	4226
34520	100	4227
34540	100	4228
34560	100	4229
34580	100	4230
34600	100	4231
34620	100	4232
34640	100	4233
34660	100	4234
34680	100	4235
34700	100	4236
34720	100	4237
34740	100	4238
34760	100	4239
34780	100	4240
34800	100	4241
34820	100	4242
34840	100	4243
34860	100	4244
34880	100	4245
34900	100	4246
34920	100	4247
34940	100	4248
34960	100	4249
34980	100	4250
35000	100	4251
35020	100	4252
35040	100	4253
35060	100	4254
35080	100	4255
35100	100	4256
35120	100	4257
35140	100	4258
35160	100	4259
35180	100	4260
35200	100	4261
35220	100	4262
35240	100	4263
35260	100	4264
35280	100	4265
35300	100	4266
35320	100	4267
35340	100	4268
35360	100	4269
35380	100	4270
35400	100	4271
35420	100	4272
35440	100	4273
35460	100	4274
35480	100	4275
35500	100	4276
35520	100	4277
35540	100	4278
35560	100	4279
35580	100	4280
35600	100	4281
35620	100	4282
35640	100	4283
35660	100	4284
35680	100	4285
35700	100	4286
35720	100	4287
35740	100	4288
35760	100	4289
35780	100	4290
35800	100	4291
35820	100	4292
35840	100	4293
35860	100	4294
35880	100	4295
35900	100	4296
35920	100	4297
35940	100	4298
35960	100	4299
35980	100	4300
36000	100	4301
36020	100	4302
36040	100	4303
36060	100	4304
36080	100	4305
36100	100	4306
36120	100	4307
36140	100	4308
36160	100	4309
36180	100	4310
36200	100	4311
36220	100	4312
36240	100	4313
36260	100	4314
36280	100	4315
36300	100	4316
36320	100	4317
36340	100	4318
36360	100	4319
36380	100	4320
36400	100	4321
36420	100	4322
36440	100	4323
36460	100	4324
36480	100	4325
36500	100	4326
36520	100	4327
36540	100	4328
36560	100	4329
36580	100	4330
36600	100	4331
36620	100	4332
36640	100	4333
36660	100	4334
36680	100	4335
36700	100	4336
36720	100	4337
36740	100	4338
36760	100	4339
36780	100	4340
36800	100	4341
36820	100	4342
36840	100	4343
36860	100	4344
36880	100	4345
36900	100	4346
36920	100	4347
36940	100	4348
36960	100	4349
36980	100	4350
37000	100	4351
37020	100	4352
37040	100	4353
37060	100	4354
37080	100	4355
37100	100	4356
37120	100	4357
37140	100	4358
37160	100	4359
37180	100	4360
37200	100	4361
37220	100	4362
37240	100	4363
37260	100	4364
37280	100	4365
37300	100	4366
37320	100	4367
37340	100	4368
37360	100	4369
37380	100	4370
37400	100	4371
37420	100	4372
37440	100	4373
37460	100	4374
37480	100	4375
37500	100	4376
37520	100	4377
37540	100	4378
37560	100	4379
37580	100	4380
37600	100	4381
37620	100	4382
37640	100	4383
37660	100	4384
37680	100	4385
37700	100	4386
37720	100	4387
37740	100	4388
37760	100	4389
37780	100	4390
37800	100	4391
37820	100	4392
37840	100	4393
37860	100	4394
37880	100	4395
37900	100	4396
37920	100	4397
37940	100	4398
37960	100	4399
37980	100	4400
38000	100	4401
38020	100	4402
38040	100	4403
38060	100	4404
38080	100	4405
38100	100	4406
38120	100	4407
38140	100	4408
38160	100	4409
38180	100	4410
38200	100	4411
38220	100	4412
38240	100	4413
38260	100	4414
38280	100	4415
38300	100	4416
38320	100	4417
38340	100	4418
38360	100	4419
38380	100	4420
38400	100	4421
38420	100	4422
38440	100	4423
38460	100	4424
38480	100	4425
38500	100	4426
38520	100	4427
38540	100	4428
38560	100	4429
38580	100	4430
38600	100	4431
38620	100	4432
38640	100	4433
38660	100	4434
38680	100	4435
38700	100	4436
38720	100	4437
38740	100	4438
38760	100	4439
38780	100	4440
38800	100	4441
38820	100	4442
38840	100	4443
38860	100	4444
38880	100	4445
38900	100	4446
38920	100	4447
38940	100	4448
38960	100	4449
38980	100	4450
39000	100	4451
39020	100	4452
39040	100	4453
39060	100	4454
39080	100	4455
39100	100	4456
39120	100	4457
39140	100	4458
39160	100	4459
39180	100	4460
39200	100	4461
39220	100	4462
39240	100	4463
39260	100	4464
39280	100	4465
39300	100	4466
39320	100	4467
39340	100	4468
39360	100	4469
39380	100	4470
39400	100	4471
39420	100	4472
39440	100	4473
39460	100	4474
39480	100	4475
39500	100	4476
39520	100	4477
39540	100	4478
39560	100	4479
39580	100	4480
39600	100	4481
39620	100	4482
39640	100	4483
39660	100	4484
39680	100	4485
39700	100	4486
39720	100	4487
39740	100	4488
39760	100	4489
39780	100	4490
39800	100	4491
39820	100	4492
39840	100	4493
39860	100	4494
39880	100	4495
39900	100	4496
39920	100	4497
39940	100	4498
39960	100	4499
39980	100	4500
40000	100	4501
40020	100	4502
40040	100	4503
40060	100	4504
40080	100	4505
40100	100	4506
40120	100	4507
40140	100	4508
40160	100	4509
40180	100	4510
40200	100	4511
40220	100	4512
40240	100	4513
40260	100	4514
40280	100	4515
40300	100	4516
40320	100	4517
40340	100	4518
40360	100	4519
40380	100	4520
40400	100	4521
40420	100	4522
40440	100	4523
40460	100	4524
40480	100	4525
40500	100	4526
40520	100	4527
40540	100	4528
40560	100	4529
40580	100	4530
40600	100	4531
40620	100	4532
40640	100	4533
40660	100	4534
40680	100	4535
40700	100	4536
40720	100	4537
40740	100	4538
40760	100	4539
40780	100	4540
40800	100	4541
40820	100	4542
40840	100	4543
40860	100	4544
40880	100	4545
40900	100	4546
40920	100	4547
40940	100	4548
40960	100	4549
40980	100	4550
41000	100	4551
41020	100	4552
41040	100	4553
41060	100	4554
41080	100	4555
41100	100	4556
41120	100	4557
41140	100	4558
41160	100	4559
41180	100	4560
41200	100	4561
41220	100	4562
41240	100	4563
41260	100	4564
41280	100	4565
41300	100	4566
41320	100	4567
41340	100	4568
41360	100	4569
41380	100	4570
41400	100	4571
41420	100	4572
41440	100	4573
41460	100	4574
41480	100	4575
41500	100	4576
41520	100	4577
41540	100	4578
41560	100	4579
41580	100	4580
41600	100	4581
41620	100	4582
41640	100	4583
41660	100	4584
41680	100	4585
41700	100	4586
41720	100	4587
41740	100	4588
41760	100	4589
41780	100	4590
41800	100	4591
41820	100	4592
41840	100	4593
41860	100	4594
41880	100	4595
41900	100	4596
41920	100	4597
41940	100	4598
41960	100	4599
41980	100	4600
42000	100	4601
42020	100	4602
42040	100	4603
42060	100	4604
42080	100	4605
42100	100	4606
42120	100	4607
42140	100	4608
42160	100	4609
42180	100	4610
42200	100	4611
42220	100	4612
42240	100	4613
42260	100	4614
42280	100	4615
42300	100	4616
42320	100	4617
42340	100	4618
42360	100	4619
42380	100	4620
42400	100	4621
42420	100	4622
42440	100	4623
42460	100	4624
42480	100	4625
42500	100	4626
42520	100	4627
42540	100	4628
42560	100	4629
42580	100	4630
42600	100	4631
42620	100	4632
42640	100	4633
42660	100	4634
42680	100	4635
42700	100	4636
42720	100	4637
42740	100	4638
42760	100	4639
42780	100	4640
42800	100	4641
42820	100	4642
42840	100	4643
42860	100	4644
42880	100	4645
42900	100	4646
42920	100	4647
42940	100	4648
42960	100	4649
42980	100	4650
43000	100	4651
43020	100	4652
43040	100	4653
43060	100	4654
43080	100	4655
43100	100	4656
43120	100	4657
43140	100	4658
43160	100	4659
43180	100	4660
43200	100	4661
43220	100	4662
43240	100	4663
43260	100	4664
43280	100	4665
43300	100	4666
43320	100	4667
43340	100	4668
43360	100	4669
43380	100	4670
43400	100	4671
43420	100	4672
43440	100	4673
43460	100	4674
43480	100	4675
43500	100	4676
43520	100	4677
43540	100	4678
43560	100	4679
43580	100	4680
43600	100	4681
43620	100	4682
43640	100	4683
43660	100	4684
43680	100	4685
43700	100	4686
43720	100	4687
43740	100	4688
43760	100	4689
43780	100	4690
43800	100	4691
43820	100	4692
43840	100	4693
43860	100	4694
43880	100	4695
43900	100	4696
43920	100	4697
43940	100	4698
43960	100	4699
43980	100	4700
44000	100	4701
44020	100	4702
44040	100	4703
44060	100	4704
44080	100	4705
44100	100	4706
44120	100	4707
44140	100	4708
44160	100	4709
44180	100	4710
44200	100	4711
44220	100	4712
44240	100	4713
44260	100	4714
44280	100	4715
44300	100	4716
44320	100	4717
44340	100	4718
44360	100	4719
44380	100	4720
44400	100	4721
44420	100	4722
44440	100	4723
44460	100	4724
44480	100	4725
44500	100	4726
44520	100	4727
44540	100	4728
44560	100	4729
44580	100	4730
44600	100	4731
44620	100	4732
44640	100	4733
44660	100	4734
44680	100	4735
44700	100	4736
44720	100	4737
44740	100	4738
44760	100	4739
44780	100	4740
44800	100	4741
44820	100	4742
44840	100	4743
44860	100	4744
44880	100	4745
44900	100	4746
44920	100	4747
44940	100	4748
44960	100	4749
44980	100	4750
45000	100	4751
45020	100	4752
45040	100	4753
45060	100	4754
45080	100	4755
45100	100	4756
45120	100	4757
45140	100	4758
45160	100	4759
45180	100	4760
45200	100	4761
45220	100	4762
45240	100	4763
45260	100	4764
45280	100	4765
45300	100	4766
45320	100	4767
45340	100	4768
45360	100	4769
45380	100	4770
45400	100	4771
45420	100	4772
45440	100	4773
45460	100	4774
45480	100	4775
45500	100	4776
45520	100	4777
45540	100	4778
45560	100	4779
45580	100	4780
45600	100	4781
45620	100	4782
45640	100	4783
45660	100	4784
45680	100	4785
45700	100	4786
45720	100	4787
45740	100	4788
45760	100	4789
45780	100	4790
45800	100	4791
45820	100	4792
45840	100	4793
45860	100	4794
45880	100	4795
45900	100	4796
45920	100	4797
45940	100	4798
45960	100	4799
45980	100	4800
46000	100	4801
46020	100	4802
46040	100	4803
46060	100	4804
46080	100	4805
46100	100	4806
46120	100	4807
46140	100	4808
46160	100	4809
46180	100	4810
46200	100	4811
46220	100	4812
46240	100	4813
46260	100	4814
46280	100	4815
46300	100	4816
46320	100	4817
46340	100	4818
46360	100	4819
46380	100	4820
46400	100	4821
46420	100	4822
46440	100	4823
46460	100	4824
46480	100	4825
46500	100	4826
46520	100	4827
46540	100	4828
46560	100	4829
46580	100	4830
46600	100	4831
46620	100	4832
46640	100	4833
46660	100	4834
46680	100	4835
46700	100	4836
46720	100	4837
46740	100	4838
46760	100	4839
46780	100	4840
46800	100	4841
46820	100	4842
46840	100	4843
46860	100	4844
46880	100	4845
46900	100	4846
46920	100	4847
46940	100	4848
46960	100	4849
46980	100	4850
47000	100	4851
47020	100	4852
47040	100	4853
47060	100	4854
47080	100	4855
47100	100	4856
47120	100	4857
47140	100	4858
47160	100	4859
47180	100	4860
47200	100	4861
47220	100	4862
47240	100	4863
47260	100	4864
47280	100	4865
47300	100	4866
47320	100	4867
47340	100	4868
47360	100	4869
47380	100	4870
47400	100	4871
47420	100	4872
47440	100	4873
47460	100	4874
47480	100	4875
47500	100	4876
47520	100	4877
47540	100	4878
47560	100	4879
47580	100	4880
47600	100	4881
47620	100	4882
47640	100	4883
47660	100	4884
47680	100	4885
47700	100	4886
47720	100	4887
47740	100	4888
47760	100	4889
47780	100	4890
47800	100	4891
47820	100	4892
47840	100	4893
47860	100	4894
47880	100	4895
47900	100	4896
47920	100	4897
47940	100	4898
47960	100	4899
47980	100	4900
48000	100	4901
48020	100	4902
48040	100	4903
48060	100	4904
48080	100	4905
48100	100	4906
48120	100	4907
48140	100	4908
48160	100	4909
48180	100	4910
48200	100	4911
48220	100	4912
48240	100	4913
48260	100	4914
48280	100	4915
48300	100	4916
48320	100	4917
48340	100	4918
48360	100	4919
48380	100	4920
48400	100	4921
48420	100	4922
48440	100	4923
48460	100	4924
48480	100	4925
48500	100	4926
48520	100	4927
48540	100	4928
48560	100	4929
48580	100	4930
48600	100	4931
48620	100	4932
48640	100	4933
48660	100	4934
48680	100	4935
48700	100	4936
48720	100	4937
48740	100	4938
48760	100	4939
48780	100	4940
48800	100	4941
48820	100	4942
48840	100	4943
48860	100	4944
48880	100	4945
48900	100	4946
48920	100	4947
48940	100	4948
48960	100	4949
48980	100	4950
49000	100	4951
49020	100	4952
49040	100	4953
49060	100	4954
49080	100	4955
49100	100	4956
49120	100	4957
49140	100	4958
49160	100	4959
49180	100	4960
49200	100	4961
49220	100	4962
49240	100	4963
49260	100	4964
49280	100	4965
49300	100	4966
49320	100	4967
49340	100	4968
49360	100	4969
49380	100	4970
49400	100	4971
49420	100	4972
49440	100	4973
49460	100	4974
49480	100	4975
49500	100	4976
49520	100	4977
49540	100	4978
49560	100	4979
49580	100	4980
49600	100	4981
49620	100	4982
49640	100	4983
49660	100	4984
49680	100	4985
49700	100	4986
49720	100	4987
49740	100	4988
49760	100	4989
49780	100	4990
49800	100	4991
49820	100	4992
49840	100	4993
49860	100	4994
49880	100	4995
49900	100	4996
49920	100	4997
49940	100	4998
49960	100	4999
49980	100	5000
50000	100	5001
